0.38233879564720896
1.387554583402463
0.01
0.585351864774946
0.01
1.137784106334114
0.01
0.01
0.01
0.01
0.01
0.01
0.5367044456501808
1.1214467424445804
0.01
2.26149343342217
0.8585440882918058
1.4830696812727324
0.6710124939487723
0.09196537492475763
0.01
0.830893134626145
0.8738893613950351
1.2557837695776588
0.8302333739953547
0.9872246581151398
0.01
0.01
2.0560257249056697
0.5439133658644018
1.81806062803812
0.12063965013874907
0.39962024174479344
1.1216166534207674
0.01
0.38288034808166954
1.145629260009915
0.01
1.0149227435289718
0.01
0.01
0.3783341346378345
0.01
0.01
2.1119056139897285
0.9827932627887737
0.01
0.24387850745917156
0.01
0.4073894431303613
0.01
0.01
0.01
0.4060927726126524
2.296571636114498
1.1988535829987097
0.23675118907398954
0.41695181763733025
0.01
0.18897712420782925
0.3273488170534374
0.01
0.01
0.588188684924668
0.01
1.6650451350997117
1.6897087918131621
0.7311519491057927
0.01
1.6124757564533763
1.6812055895680136
1.422289575059122
0.01
0.01
0.9079864000701803
0.9608069213740076
0.01
1.4570757746058247
1.821267555350654
0.01
0.10854037374570256
0.01
0.01
0.01
0.7473943059913064
0.40649872493125283
0.2638473448794256
0.01
0.01
0.01
0.04553302779520632
0.01
0.01
0.7360572731337878
0.08759172279952931
0.31145993867754224
0.20539196653461186
0.39036964756300274
0.7960473888913244
0.2939797947704992
1.0550230706173547
0.7772119284787473
0.01
0.01
0.01
0.01
0.7948333670313941
0.03930680565459532
1.737243776886278
2.065182473748153
0.06921205192802396
0.01
0.46078534471640886
0.01
1.3426234010889557
0.01
0.01
0.7660341480234918
0.7198491058346657
0.19927297733319863
0.01
0.8057911818947454
0.01
0.3328682471972516
0.24447468226942282
0.8888769507055587
1.4450770135574686
0.23314021118097167
0.01
0.9523255914559678
0.10151714912542818
1.9285118963784444
0.01
0.126579334640669
0.9944938190012091
0.01
0.01
0.4560069729685337
1.6862410225864966
0.6111488310624654
0.01
0.01
0.9261912577516831
0.7921346206458255
0.6770293817170947
0.01
0.9100136413120699
0.46245132226364527
0.01
0.47874744101332384
0.9615576628206599
0.01
1.0415326729094145
0.01
0.01
0.030762106925065064
0.01
0.7932107451002175
0.01
1.2371388081620618
0.0444674652471688
0.01
1.634439509788309
2.4322800199070764
0.18042614476491442
1.5499608082027878
0.10206444048112563
0.01
0.1250341330703706
0.01
1.7202180378772751
0.01
0.01
0.01
0.17880823342128047
0.01
0.01
1.7862186695225541
0.8273189650703336
0.01
0.01
0.25018865233987597
1.7574666598593962
1.8085718145032244
0.1777063157898201
0.01
0.01
0.6214877112444481
0.621834158637854
0.01
0.01
1.1463274498719997
0.08167239205319995
0.01
0.01
0.7201656701280503
0.6016617719855553
1.1122977261985116
0.01
0.01
0.8346367515404554
0.01
1.2159854682423545
0.01
0.01
0.01
0.01
1.942744582279524
0.3769014347599737
0.01
0.01
0.4910529011016066
0.01
0.01
1.1034314896539978
0.24013791215142327
1.6911577255951045
1.8697634547441677
0.2775079262375585
0.20817547414825477
2.016709064256698
0.03155788391684869
0.01
0.23437798686108482
0.01
0.01
1.2018583962624971
1.4404461911145978
0.006323917183606503
1.5862266558555325
0.01
0.01
0.01
0.5157643593745356
1.7799123825346128
0.01
0.01
0.01
0.01
2.1759960104772538
0.01
0.01
0.06694285535578648
0.8713066797784212
0.2669803629696134
1.3948709343860197
0.01
0.01
0.01
0.01
0.01
0.4490387384408932
1.0096753692836264
0.01
0.362572969452095
1.5154638407689607
0.7521236900120696
0.01
0.4489768013889125
1.5899766942066031
0.9486873437684713
1.1963184071627377
0.6518305732024314
0.01
0.01
0.01
0.01
0.5459236249894986
0.1384120968214344
1.598219427085962
0.327024696960562
0.01
0.01
0.01
0.42076862437578877
1.1193693318540419
0.01
2.2260902670516387
0.01
0.3789530691062969
1.0082046885341005
0.9305912979592572
0.01
2.686776878543586
0.6591849296128863
2.42350060196753
0.5028440086458436
0.01
1.3000185870861303
0.2517718565107847
0.46979994717671597
2.146765930302257
0.8397987195844869
0.01
0.01
2.0241507422559804
0.26012739773145227
0.01
0.7684720956752444
0.9721727694851479
0.866082659690312
1.0693389523776975
0.01
0.9204903234789226
0.01
0.1439474016707737
1.280432501056333
0.7987747106266503
0.01
1.442113994671404
0.01
0.01
1.1790718760801993
0.01
0.7004821606482108
0.030517372365970102
0.01
1.1289540811281222
0.33796114167502117
1.364784844797567
0.01
0.5640232184395699
1.7772647990691417
1.7034024034221094
0.01
0.34152559189983756
0.01
0.01
1.4588798664274434
0.01
0.01
0.01
0.01
0.01
1.3643104015076626
1.0938956178202848
0.6331296750848383
2.4203124352236793
0.5276929551885756
0.01
0.01
0.9638812752111698
0.3963611853889252
0.01
0.5299398351730751
0.6095415594998217
0.01
0.994173831169588
0.6193690175669752
1.1777780128791846
0.01
0.8275168741059264
1.2917965528687916
0.2705537973652866
0.01
0.01
0.15965150899837635
0.4119352761453402
0.25166709516231545
1.3234959455242206
1.107598338921596
0.01
0.22537236996115184
0.7507963531649424
0.01
0.08853237214523747
2.2618251268531844
0.01
0.01
0.9440238628778101
1.4971644447201586
2.3648436987009975
0.823441413196274
0.01
0.01
0.3020727984845418
0.19794321486241662
0.0016106643220636374
0.47421792766426135
1.234379633043057
1.4531715894932722
0.7501839786628086
0.7583577597026285
0.4080064618078252
0.01
0.01
0.9554592482133286
0.11654852851710289
0.32117158193718803
0.5919736629365229
0.01
0.01
0.01
0.01
0.01
0.01
0.9835010433596847
0.01
0.01
0.01
1.507457551899805
0.9717481355481215
0.12672017196126462
0.01
1.2344220043453706
0.7169762895993745
2.2765233963954046
0.01
0.040295798483096945
0.01
0.01
0.872087656469329
0.01
1.500862656350474
1.459196698366528
0.23479864263723504
0.01
0.3604420609686535
1.3527524835313163
0.16111220527962944
0.4076857210578888
0.9996641100876242
0.5972097567329021
1.0779937618739328
0.01
0.01
0.01
0.9740747634944003
0.01
0.3929445157096052
0.035184182435818445
0.01
0.01
0.7188194216551436
0.39398876236796
1.6434988410203946
1.5213021515414191
0.01
1.5389281268329125
1.1258783775573673
0.01
0.01
0.14725384897412708
1.1317932568426576
1.1652480166814938
0.7279638958650663
0.2769973319017451
1.643464790464662
0.01
1.9545533774619914
0.01
0.01
0.1292174601501943
0.18180541141885848
1.904276301170192
0.01
1.726754712536408
0.01
0.9651949153591632
2.541642077088304
0.8478939991610619
1.6977238117188846
0.01
0.01
0.01
0.8105981792311259
0.01
0.7695943224247823
0.01
0.5555758285334914
0.5248809374232757
0.3881458267225906
0.01
0.01
0.05807413449546486
0.01
0.01
0.01
2.0199354852891345
1.807132645190038
0.01
1.3593428842332627
0.21987660224001968
0.28600862637619784
1.4445029065019361
1.645166106916324
0.01
1.2232394889449616
0.2991065041232853
0.01
0.7055525488480656
0.4104472597530813
0.01
0.10715048629490996
0.01
0.01
0.5083383124454746
0.01
1.3446215821069838
0.01
0.01
1.3297467580367843
0.01
0.01
0.7236182394649975
0.01
0.9526492183345945
0.37633132782169787
0.01
1.1153804575776303
1.7311785601769234
2.0846908423173836
0.01
0.01
0.01
0.7458215548393983
0.01
1.1427515029406778
0.01
0.01
1.0044610708631032
0.01
1.4766492851625619
0.03486175030560862
0.6738453901398641
0.01
0.01
1.241162799961068
0.01
1.0980909216590602
0.01
0.01
0.5093107323078807
1.356432352972232
0.729037236841718
0.8879866054129333
0.3191232966546639
0.5658715279880626
0.01
0.01
1.2326809507445353
0.9496476547560324
0.01
0.01
0.01
0.6002249344432713
0.01
0.2954097180625914
0.2584411011357256
0.7986003823443937
1.7783904376681001
0.01
0.01
0.01
0.12522423145690503
0.6779934655052942
0.01
0.16152812107772035
0.01
2.527446274107865
0.7242783743382863
0.01
1.6037614114205285
0.01
1.5967941179419696
2.0598685682435556
1.2980987146702208
1.5472392372564583
0.01
1.5420760572092411
0.01
1.320863520787888
0.01
0.01
1.1870255610739444
0.8112740593820484
0.01
0.01
0.3855796330497279
0.01
0.01
0.2682555252869144
1.2956163244579983
0.13208879875558882
1.6051500258740086
0.9936443288050754
0.01
0.01
0.6043470090338887
0.01
1.0210731995920022
0.01
1.170193777086282
0.01
0.01
1.5035087483311662
1.088348706426836
0.9817355140464128
0.01
0.6496240245614828
0.01
1.5573226419780744
0.01
0.01
0.01
0.8008411268567053
0.01
0.3013995912845798
0.01
0.7383704892639478
0.01
0.01
0.01
2.1069984299264677
1.005680893285855
0.01
0.68482973430775
1.1270790438241016
0.01
0.01
1.6298866578999343
0.01
0.01
0.37891095743398967
0.01
0.01
0.7497679817395875
0.9771736734940863
0.01
0.9526921998547608
0.01
0.01
1.1604223050448568
0.01
0.41516408796907933
0.9998633843341691
0.9568127149462475
0.01
0.3968027572112305
0.8679913858244435
0.01
0.10574073054917368
1.4246223117903558
0.3960450892044889
1.0556373278435351
0.4893521256772504
0.6459017481165984
0.01
0.8657313375730098
0.024439744691093862
0.01
0.01
0.9127631434195604
0.01
0.01
0.01
0.2553365800176802
0.47233709602434226
0.09704160381377934
1.558797034215153
0.7217128276972293
1.1329637114788838
0.01
0.01
0.01
1.6348766124875436
0.416690845523173
0.01
0.01
0.009175259676038855
0.01
0.01
0.22029166388523425
1.5025151301337363
0.01
0.01
0.7571065520052018
0.811867980246568
0.011810306504433377
0.01
0.10117210395430708
0.5760180928587244
0.06478297292200441
0.01
1.1762675201320232
2.0284512461279336
0.015290850116767507
0.4022715149071838
0.01
0.004235275372983849
0.01
0.01
0.01
0.14697666728105385
0.01
0.9743000948944247
0.12830017959866416
0.01
0.22608941798505186
0.01
0.01
1.4739457615088816
2.9815228748803153
0.25501137420939335
0.6117032294256872
0.9047745725186851
0.28225979033584786
0.01
0.01
0.01
0.7566421096688718
0.01
0.01
0.7461440192446578
0.8010419615280144
0.41331950281340357
0.9789380551822053
0.2484223001691051
0.46139988277931
0.01
1.3114646000683756
0.01
0.9169204132886459
0.01
1.8542750750591392
0.01
0.820726695125469
0.01
0.39146873543582605
0.7711263167245539
1.4969429130538714
0.6022099821995548
0.01
0.12907711146742495
0.01
0.01
0.6503180393740337
0.4815066708724177
0.01
0.4342717316180261
0.6459128679028432
0.1686332558467386
0.9526842499050738
0.032161281322752144
1.5666320922208827
1.1216022628269289
0.01
0.06742269957314431
1.6947913410824436
0.01
0.01
0.9637159169900134
1.2044660809241758
0.01
2.293848913801948
0.3496178215253887
0.01
0.01
0.01
0.01
0.01
0.01
0.01
0.01
0.01
1.0846927742436518
2.224014243311981
0.01
1.3763257573302645
0.01
1.4619107515484784
0.9149905301217844
0.5356956411163828
0.5091357490885788
0.8671433495680128
0.6610406356048826
0.01
2.5151010520547095
0.14645041364562963
1.5661076456395793
0.01
1.3288647210408078
0.01
0.7281981879215909
1.4794352350088145
0.4970973586566564
0.01
0.4191181532641446
0.01
0.08347058176367404
2.022646897253391
0.9766128273883861
0.36426278245591914
0.30684737234895487
0.4541000581393799
0.01
0.9773273603841881
0.54065282954643
0.12074107434541746
0.3544243355704228
1.8004319468797627
0.6357125934733983
0.01
0.01
0.9949164858281654
1.0058261243644793
0.01
0.01
0.01
0.01
0.9584789641772187
0.13287296604966065
0.3257061452127329
0.01
0.01
0.01
0.6087679881998787
0.4187434400839052
1.341775352384709
0.7459345804288378
0.9077284665808547
0.01
0.01
0.7212777656723113
0.31892145086218743
0.01
0.9830701572716247
0.01
0.01
0.09184077803443787
0.01
1.0720311230893715
0.6385883837085864
0.21030960251276612
1.2874999237420757
0.01
0.8530562444216061
1.1368335342972486
0.604416179357947
0.01
0.01
0.01
0.6361188028745175
0.01
0.9220656966271248
0.6867327244254303
0.5498069841264874
1.147635573710616
0.8867459430090676
0.01
0.7577565040362453
0.01
0.01
0.3159153898851956
0.24873047584327107
0.45097652934037197
0.9430146366794383
0.01
0.01
0.01
0.09525350317857383
0.7655355134242405
0.864724940317519
1.6634235711363714
0.01
0.01
0.6187227994491851
1.7066645217754868
0.01
0.31449936271102924
0.46892489067936016
1.6896162099795669
1.2809369936532702
0.01
1.4898890842870673
0.07480542481529659
0.4141592938241291
1.5324533819732127
0.01
0.01
0.01
0.01
0.01
0.01
2.84294797274686
0.025858294655263098
1.9213503045224265
0.01
0.01
0.6456564654904223
0.01
0.215668956746359
1.60480979342541
0.01
0.01
0.01
0.01
0.47398136798249624
0.01
0.01
1.1328381922665698
0.35135274080462586
0.01
1.0174622908988835
0.7873619386987083
0.8295418991992864
0.01
0.01
1.4283127168528373
0.6020606122632042
0.3140238584390953
0.01
1.0081858139786937
0.6927358754480071
1.0699165345610155
1.1661532728782968
0.01
0.34594856407732055
0.01
0.01
0.9562854832109233
0.01
0.24842914452076026
0.8544471556965723
0.04045616089056289
0.01
2.118441906801867
0.01
0.412764651993047
0.6467108504129865
0.3885229172139594
1.5290982944803544
0.01
1.3779243608495286
0.8255466207964643
1.1131821530840122
1.130361359910843
1.290656044635187
0.01
1.4978694059088216
0.23582954972619657
1.425095350553873
0.8297798373247842
0.24587108876371186
0.01
0.01
1.3842800960724584
1.627694779707387
0.844323133239423
1.3790903890809423
0.018298177001634358
0.01
0.5093928367769405
0.3902048012381511
1.0909621319542784
0.01
0.01
0.01
0.5366797843488371
0.01
2.2199933526072755
0.01
0.01
0.3320820062227531
0.01
0.4223341100265323
0.01
0.7401626207640486
0.7122970409531175
0.7144098838808601
0.5746870907838516
0.01
0.01
1.3091010843403326
0.01
0.01
0.01
0.46195819897220847
0.4504242657859948
0.7915117577393451
0.01
0.01
0.3025252313478174
0.01
1.9378719405289433
0.2099555038885933
0.6084290815918032
0.01
0.2423685283411331
0.01
0.5588471645131088
0.01
0.01
1.6458768882933197
0.01
0.6349973735384695
0.01
0.01
0.9677577805375817
0.4682877831376998