0.16094657030476495
0.16045566983236426
0.13893104267766326
0.1126505918240192
0.18616110808243044
0.18219711189721818
0.1405762278931333
0.14437514171858545
0.1907029510712801
0.1888817435877068
0.17978528886592723
0.1298075939195837
0.10011911579933958
0.1681867841627018
0.12800031525340197
0.1469677611997913
0.14497415890451767
0.14485224495439164
0.1668010410929339
0.14287177865884426
0.1783969935382071
0.15444267535749284
0.19124339650601085
0.12343621157875713
0.17613975918648117
0.16955839879683665
0.14731003523669212
0.14905623365933762
0.14713198757644813
0.18988860565281615
0.11136349477101196
0.18291081212937566
0.1817836512280638
0.15367317165369943
0.15779298730773494
0.18260621258595305
0.10844852317658862
0.1257511029017209
0.11089951968556422
0.10133613760555002
0.19885544552478612
0.11331418500859722
0.19584859500168936
0.12487092695918037
0.13456179536206403
0.13829945265833582
0.12074107654150311
0.15857720880324755
0.10570377926727305
0.13507280853095133
0.10141951028282271
0.18043962301669578
0.1068711545814488
0.17405919205696102
0.19321177968149172
0.15302366190036867
0.1906659402684747
0.14882210794135214
0.12883060470992633
0.19862567524564556
0.18736452658856007
0.18610578283934498
0.1632240442751597
0.14822650583380192
0.12791763190374011
0.13914143326219805
0.19516274438761932
0.19042408076916137
0.1734454291886358
0.15617954087156985
0.16946610547362725
0.16903568858544998
0.10823658352466631
0.197385144209627
0.1358667868348098
0.14747713320553843
0.196585942295673
0.14070833882241693
0.18540634660249006
0.1280905395986694
0.15963226263634311
0.1817028149903689
0.18708028592849119
0.16928364643403876
0.1449048607468943
0.19710864293866134
0.15041285373337862
0.1597670362513937
0.16277292589884113
0.18853222712415832
0.11387116967268236
0.12666097476105728
0.19304276507611431
0.14880842174496453
0.11902534809547438
0.16089217194290037
0.12132251432662974
0.19644052614573604
0.1342625576799883
0.13822544326347042
0.14594658667591348
0.13338826967649287
0.14071515977744145
0.11219624509103403
0.15419895106978937
0.13715302283101946
0.14773748098837636
0.19630142257414057
0.17618758514314345
0.10756217392865508
0.1503086088404788
0.19492884777709102
0.192133478686562
0.10533917286263467
0.1431484565180188
0.11175837433959004
0.1273844917284488
0.11163056586283929
0.17548917408541076
0.1950791231273627
0.12018812082910761
0.18583706377616607
0.13848070155769582
0.12748547060480864
0.13287486867805443
0.15550842099429316
0.15525240341122115
0.13946900755699182
0.1966006955203367
0.15249361304536974
0.1590713132385942
0.17664483672058617
0.14831483454281819
0.13475391529755315
0.14099326852896582
0.13312052293992468
0.17995488348484318
0.12640091223232497
0.19278309144940203
0.17515468871611256
0.1276906427153976
0.113329291027111
0.12784812529622513
0.10051845224691386
0.17049706590264116
0.19838991212512014
0.12775575509900963
0.178161592087872
0.14398217325375115
0.17871396568281933
0.137652923394214
0.10230075630310953
0.1457654232229447
0.1869132480799477
0.1724040919668713
0.16754945615476785
0.16485412051063697
0.17542437705124683
0.11026954731593934
0.17364536575928463
0.13075951558800555
0.1259197578330217
0.1441599519674978
0.19394244422098636
0.19351690431922325
0.15048608564519855
0.1272753494274846
0.16978987576616733
0.16298818393825537
0.1807956951094018
0.18083487530701758
0.15086500075142806
0.147843917957526
0.11871921329600532
0.13793468273257667
0.11927988498668018
0.12165727784527024
0.14550275273559615
0.1840434499148171
0.18650353511107837
0.16859301343960914
0.1878473577452923
0.10596425634781398
0.14782670104244894
0.10655639452623808
0.10610190917095039
0.10478189624533069
0.16917639907741533
0.18618732307529678
0.11538536923116807
0.13837711514767975
0.16305168943743023
0.17781106377372355
0.12324500961053494
0.1416154902940742
0.10412004774448144
0.1989778349858945
0.17557734454215895
0.17027381462786795
0.17707132448271806
0.19405792682834094
0.11373550532973886
0.10118632281883105
0.18331907826857397
0.17827366739408917
0.1452478276928568
0.11849570803261811
0.1709043890327547
0.1927384333156209
0.16609325673454128
0.1491164811480603
0.13524846170212504
0.17122046419821074
0.15369930432248366
0.15417960767240255
0.1779585291363926
0.12392425671652695
0.16492560923629823
0.16692357612827813
0.1949639800434737
0.19861054616780888
0.19907911968032824
0.11008969518528278
0.158013370011443
0.17528253988004852
0.17623439943809777
0.1966762853943442
0.1638943977726533
0.17017677145710824
0.10649587495340188
0.14050902646147373
0.18111882135028895
0.13483551644281486
0.17780184177971645
0.14991237806936436
0.17885689566643953
0.11811052516062265
0.12067010961597467
0.14494705400080865
0.1274251768482383
0.11905046900661403
0.1856999139110844
0.13203705940046487
0.14528380245561884
0.13761344216248356
0.17477684124245632
0.1928198432897827
0.14027050583488346
0.17912001217278142
0.10264719943459127
0.14476761168090727
0.17053667681079088
0.1500247254359238
0.10478715144351886
0.18062917689524471
0.1882365013142194
0.17412827167374778
0.16767671211857044
0.13871307720900428
0.12681899340620809
0.10149570125045829
0.1913897364598427
0.16993665586077586
0.12052392917636066
0.15845395756200162
0.15526400392120965
0.1449300959623753
0.17140922935895758
0.11644790753308
0.13776627634731725
0.19391508254995574
0.13526945704466597
0.15568289544903577
0.11475637832169955
0.11274882021212168
0.1276919179137415
0.12725193142916585
0.12053868486807258
0.11705983687879931
0.18455262889549426
0.158744803277108
0.16065686689797382
0.11691293262723951
0.19650617923339778
0.11074184044583821
0.13262503289029443
0.16760052013524393
0.13025165928757418
0.19858662714704353
0.11902299866113761
0.13299711298351902
0.10107936969707398
0.11761164895069459
0.15818861263432277
0.10547025958089946
0.11636967606433797
0.10387452663656432
0.11808859575533193
0.1648579824929102
0.11556412217186494
0.19009729967519975
0.19300377002359312
0.15333004463630154
0.19383329725159976
0.12085016839301749
0.1634050544508641
0.1019657244858755
0.17496764123970107
0.10985167628091551
0.15023542950712615
0.1569944712769873
0.11258323322682888
0.15371515601440938
0.17562762622624617
0.1379237087850437
0.16083288125875012
0.16914295598437307
0.1248375909407921
0.151457282444314
0.1102602287555461
0.16774097991221829
0.14679179392215236
0.18363633488962683
0.15627523279408573
0.1962172704464887
0.18350802653854897
0.15783463452601412
0.19229260422472877
0.18427114777764353
0.12299807420094333
0.1763837687021778
0.11595252272299124
0.14337875240582768
0.10205478004376604
0.13626520588912225
0.11047071287697129
0.10786163426593781
0.14621393526347942
0.19751541147849044
0.18590395467542256
0.1729997707307993
0.1592950738135305
0.17793205764416725
0.17753163086343285
0.1750573777286719
0.16756430710642806
0.12206609931793551
0.15304067624472864
0.1557586647516777
0.12838372594960873
0.14334406078098036
0.1389410160462098
0.17493882945508407
0.14475595013462614
0.19361756594241636
0.19093507783593733
0.13280231917909038
0.14172325070169609
0.10252209143859636
0.18636485454254176
0.12788134673924972
0.1933699004008974
0.1962367528104585
0.10073357896565663
0.19731135815856363
0.18472287164715473
0.14457273524408323
0.10094961538528964
0.1477712400466203
0.16723694558917773
0.10040730605700782
0.13968619845308425
0.10777786980621859
0.19689460598844688
0.15040759998408545
0.12210239197251688
0.14436662882237736
0.1783566233039751
0.119479475819958
0.17555016037765303
0.17374426655967967
0.1884946663634093
0.11195310590873171
0.1213689792109765
0.1702155322603104
0.11425758781092259
0.14559727761702934
0.1347590124074968
0.12273897973265016
0.16822663318536862
0.1650483817144178
0.1645757411479996
0.18626289903025423
0.1874471096158642
0.10282935426253598
0.1297097763648917
0.17661930534639855
0.1593704962697511
0.1488765121452336
0.10072281151192726
0.19846195903583627
0.13756940516370994
0.18569068428398178
0.17379874394127356
0.1359431678399603
0.11107868618536704
0.13813336132644954
0.19910206512753748
0.17197448834746654
0.18686330998860107
0.11376155188665582
0.171806742473928
0.16611367304475402
0.10574877604787519
0.17863274045824976
0.13654751114315794
0.15358636563341432
0.15434651271601713
0.13081906989849548
0.13654749026180762
0.10986123433260749
0.1390578866301643
0.15808607407571557
0.12333097417565254
0.16134862071645106
0.14014054186484357
0.14232454738921976
0.11232248401967067
0.10899054798658907
0.15881004891691106
0.10209739525230961
0.10286955018524402
0.14209828462203045
0.17877473760952334
0.16404984130073996
0.12264667282299489
0.11386193355778573
0.18178466812961386
0.12905848287259286
0.1463369813429645
0.1411791496666595
0.13203046634014828
0.1430489495969593
0.17753065701143508
0.15115977985446946
0.11971102841411879
0.1155844571045286
0.1684366182073126
0.13964017752357474
0.12473503399597925
0.14095321755733836
0.15397482735383375
0.13035809212877905
0.13854561954292258
0.10576774320122719
0.18155913959567624
0.166126066124203
0.1994710087737545
0.15176152530583922
0.19287017580054316
0.17282794417884267
0.1876690026935325
0.1528164142782768
0.11763826732837385
0.18773694628871615
0.19725350149711082
0.16194689957892971
0.1207262226733225
0.11947767891905564
0.1804122779939057
0.19855039038599398
0.13394714157104978
0.19420608537438772
0.17230782596719815
0.1571033357337091
0.1086839221798781
0.12515894282239454
0.18873504035284314
0.10889675057557661
0.11757984287932333
0.14122501989090858
0.17460985938117232
0.19413517523826732
0.15505944134048513
0.16422898719573703
0.18018627497859366
0.17507767095190688
0.16545057272535335
0.13458954179040403
0.18248041013073898
0.19314274855466046
0.11750580345966455
0.10902757851610696
0.19027967928239845
0.18380243596072937
0.1988836347025293
0.16233034592411957
0.10577842509653307
0.11833728134102994
0.18026934587416396
0.1491071476206613
0.15633319522241973
0.10922824845294911
0.15000511230720695
0.11857993985553464
0.1147563167958626
0.17049541483761582
0.16348355555127425
0.11022714069079576
0.13766313466826674
0.10905243713560919
0.162553580473413
0.1544307329447855
0.1843140434604826
0.1860793397298903
0.11729994194754872
0.1114825194991908
0.13222001404917189
0.14190661379860958
0.11861791223695403
0.10229152756438661
0.15897251438193535
0.19234038119697902
0.10107354188841867
0.18814128027199428
0.12004538587965924
0.128409722149246
0.15452071612603605
0.12643791657216016
0.12610122133367918
0.17228241943207173
0.1299282395131326
0.10526186144025795
0.16884036180633943
0.18394788002211027
0.11884719544681344
0.17161467460688512
0.17099385499288508
0.13018231303732522
0.17609980613780757
0.15467525290497203
0.17854381732505217
0.19783150983384076
0.15735867020277738
0.16917047130232798
0.122341017851897
0.1790592035105944
0.10114304401128024
0.1323664680921628
0.14770685306547168
0.16039038731801292
0.12175447264711847
0.18407951779144033
0.15739009840770044
0.15347717197329624
0.1368933827852567
0.1849510654163038
0.1612304877498086
0.1331607423660536
0.1074781685617163
0.16009522066600212
0.13974244784582057
0.12771793901343628
0.1892624825910496
0.16743507684942394
0.12331372734909972
0.1912554781749674
0.10139206621391694
0.11493046318094659
0.1835298482804299
0.1536258483069342
0.18532062239550218
0.18307160096989814
0.12103498746169211
0.1928031548156307
0.140936853651086
0.19627951858773987
0.18956378940264065
0.16496218091384754
0.17480225661420323
0.10240774602877911
0.17043745840753594
0.13266281779050185
0.11170028569490367
0.1815306886257898
0.17995545265852053
0.12319829563680468
0.12471195251967879
0.1582994824809844
0.14832948414327468
0.14227080554863938
0.1237221889002342
0.1411934088223309
0.13253836477484318
0.1340122562991632
0.11814690577199427
0.1192146394652666
0.16781826034497832
0.13818764807238593
0.13402975266424094
0.10275532410818555
0.18796216955284187
0.1767305534673125
0.1625753935318633
0.1779031176839842
0.11428968138013434
0.1680662213440768
0.17272646877407774
0.13238325318218025
0.11540095200647651
0.1248640565429965
0.12010451892166568
0.1265427489276921
0.19172494918324492
0.13280524499632324
0.10184577675690905
0.12285903354535363
0.11591899555688384
0.1783526842736122
0.1928201814835284
0.17428240576015527
0.1394704499641748
0.16087500401007856
0.1868633944854017
0.17693828021871594
0.12408308056868131
0.17499412441556816
0.11789972808439327
0.1957050077837393
0.11719900564290878
0.1841004146409621
0.14808079967820076
0.16627329109658623
0.14175090708295673
0.1529429612646151
0.1795066645036132
0.11972539018706307
0.1203977235095959
0.19251814937857226
0.1381399417403627
0.13546536193726538
0.14493643762472688
0.1345047507954336
0.1517932930174893
0.12921528635257593
0.11201138347707629
0.150884159633734
0.1808855145142513
0.1263279328586556
0.1140837081619003
0.1013643465193275
0.16503981459848713
0.10130044629498136
0.10085038419291344
0.1965143196782733
0.1748368681513734
0.12498990551386222
0.13387531663243266
0.15528532634912923
0.1695599229055212
0.1982507508198562
0.1781306002655832
0.12672016696476648
0.17225429316232838
0.16247603594547824
0.19149395187152846
0.13751827104134287
0.1367709629443559
0.1589893218913164
0.10562470875353608
0.19991324958474832
0.16090858787314255
0.15697394799144027
0.13749996667059028
0.13139734125260397
0.10509494374109503
0.19781147869741242
0.1353582244805352
0.10692655831142438
0.15867252778949384
0.12512666892837038
0.1673040227032449
0.12188489090386338
0.10301065752369548
0.13826852883096746
0.1349811359645879
0.17097718124577083
0.1532143119703964
0.15386565929090934
0.13528915735359007
0.18263485889177378
0.10060407882365753
0.16289427349077912
0.17683421892117296
0.13860883894412698
0.12360463357811934
0.11561639483820281
0.19525262059534818
0.13870884409870496
0.16623435686394217
0.14240707317445084
0.15241470463073245
0.10612273884612593
0.15211126081043957
0.13572874019373174
0.10865890663182959
0.1312397338522121
0.11131796844232028
0.1478930186055546
0.1664287687571249
0.19280722212464735
0.13938423411585116
0.10216538902917838
0.18932201211579183
0.1454187889555309
0.1915310767694823
0.10963573864480901
0.1159198677456716
0.11692353967911123
0.11265700344774779
0.14198202253468623
0.12215450770160736
0.15437160654606788
0.13186204629813963
0.135905045150912
0.11563960671445121
0.1744067887637547
0.14773167443688606
0.1125446893930448
0.16528773049289197
0.17842384197629726
0.19421034897416875
0.12114987631701096
0.1668070765589541
0.1368360084026244
0.10619980488827535
0.17918069858275815
0.1534679835496039
0.1417894147347292
0.1265630956511038
0.16730122348417836
0.19071779687997326
0.14644913604092508
0.16466730341997907
0.11125477306414484
0.13775455954419014
0.14538590963838594
0.12006444227089064
0.12758289716343196
0.1498619415259314
0.1528517863177447
0.1636056488899163
0.15830046266247833
0.16214449067361733
0.11229697010822319
0.16709373199191646
0.14765994619105988
0.15482411285944908
0.11505505828292134
0.10244780130252991
0.19951349000869728
0.11690581544374094
0.19656730179717946
0.16812773997236538
0.1919393229752201
0.1361381362646825
0.18978613906694602
0.14006458226661464
0.13275373640287333
0.16033075893594673
0.15258238660972198
0.11038352423455645
0.16887048857894554
0.16047435711483718
0.1157179483569107
0.14228402856642736
0.1541509513738296
0.10106150084100893
0.19587240149243262
0.13189328410173268
0.16786982258657435
0.14559626173468257
0.13137540581543794
0.10579429069389686
0.17736964949078998
0.1562217019042192
0.1537823404507549
0.17358911330629445
0.16700022341084247
0.1149255966472059
0.16803820238013398
0.10580329899272649
0.11803585847690604
0.17027251927734607
0.14277380959203656
0.11093516559861961
0.10269906866979947
0.12434689796887678
0.11309441901653587
0.194330260623338
0.10928666272502059
0.10166685176204851
0.10139889677319798
0.15738745573390533
0.15302270246092337
0.15186673259653638
0.12797265548590234
0.10579072205636916
0.16754458687550267
0.10973485894429115
0.1819787010645938
0.18512347966377615
0.1803703139283287
0.16300073483030497
0.14304355538633334
0.12568245227746166
0.10925345215041707
0.11158350007091603
0.18434322438100242
0.10017779832662606
0.13034984641177863
0.13637266238569135
0.10841113338643549
0.12249755120895475
0.13251379017268794
0.15393119608530764
0.19116281728801454
0.1027563107569236
0.13444349478447024
0.15450844847588802
0.1543274196321298
0.1414247776118886
0.12190259773702422
0.16356674168946095
0.15798494917322856
0.15126419106967534
0.14163849328776912
0.1731995664253404
0.1181161243694879
0.13739209558932408
0.18342767347073358
0.17971424930491053
0.1279968672514184
0.13744226613638447
0.14335202728534563
0.19080389750864762
0.13465985867457791
0.1387055029619216
0.19206904880675302
0.19323537889342698
0.13398362552806403
0.10099325433348316
0.1606635741712803
0.11936263739729082
0.11684391170245928
0.15457846170102643
0.19216074734118588
0.13417563711141614
0.18907388875548442
0.19902259510273518
0.17809086399576826
0.1372214777461921
0.10785409100332803
0.13374024761502246
0.15188177267816605
0.19260767005062296
0.13512340718783047
0.15603282384065942
0.13467670751546928
0.11507499907879067
0.13184979225214855
0.19181471344729328
0.1819032109756842
0.17771689054304815
0.17645967659450196
0.12657600172686778
0.10477018915406255
0.16797386070286652
0.15353297249900147
0.15655785563212954
0.1645889935098176
0.1592416152174977
0.1933086469189017
0.10309824584332446
0.1362752212538151
0.12707190807837665
0.12134976493800186
0.14103697841632812
0.14312654074379066
0.11227156137936914
0.19128301637008618
0.19259349163930112
0.1558797661216993
0.144285941429935
0.1727078559877954
0.13952197663267749
0.14325882371660906
0.16635243770465974
0.14885170607994075
0.10931733337330567
0.12026135164603899
0.19990601611060885
0.1751311952202785
0.10715592382685656
0.11017196734609302
0.14208968029852131
0.13234642923245699
0.17165680039777245
0.19996229536836316
0.1139653987272317
0.15057303981377662
0.15279910564049612
0.15575740320640172
0.11157534630407678
0.12205732548141972
0.17686281393034534
0.1980944268999645
0.1946940338814731
0.19160475778481603
0.1476037219711615
0.1617159391825328
0.12057902896678005
0.15490941430024419
0.15186918231562238
0.16629016257185253
0.10948743781129676
0.15850740035258304
0.10025550567361093
0.10184628887343433
0.17634540316924743
0.10459171686924806
0.11863433573391806
0.105256967734154
0.10214950487010914
0.15121691365910173
0.11432474402025032
0.14077293778337635
0.11641027118573039
0.1128785633985706
0.12995105104644428
0.18177829013854996
0.19827972972027103
0.10168416661053029
0.18228176546313093
0.1684921955285239
0.16353203234606345
0.1234647565920824
0.11301792482181483
0.13041124486730088
0.15762450812530157
0.10196328597439312
0.18106914755865267
0.13524750221402063
0.11422950698427801
0.1808642587738574
0.17516563278692404
0.12594557295229716
0.18870836539858582
0.1235715002872379
0.146252965826391
0.17072339576243695
0.1709207290557847
0.13039645132257627
0.18949102730582196
0.18285787635712017
0.17494792255423894
0.1926113192214305
0.14516270442933427
0.16286839764704647
0.17350586053912653
0.17740048827695368
0.18633028723899714
0.1640306022641561
0.16925291476675758
0.1331587525017863
0.10622940695343018
0.14916883866152478
0.17276446745423457
0.12484080252041117
0.1295000843070057
0.1025224388936783
0.10679712314853114
0.10621403511251544
0.13452755298475244
0.18648210016657493
0.13673520449035595
0.10550553508760618
0.17489630572182208
0.1753684020674684
0.17695979167942907
0.10233384742238283
0.18152431606312844
0.12479847816685091
0.15953750886629464
0.13508685900955433
0.14031407498762893
0.17466642056197315
0.17502469734866372
0.14751305118232433
0.18116480169878293