4.960266626016384
0.13424651238024599
0.2692886522663499
3.271446168081281
2.496305294952159
4.862258776519409
0.39678407476459565
2.2750306951783075
5.238522089418121
0.17383865527594902
2.5000745059480054
2.610214150842754
3.3130420400339604
3.813763431642069
3.023978531250945
7.5552773187051825
3.52871246224917
2.7752872953259367
2.7488162656568593
0.9948167949845113
1.3132859358246094
4.630139928427741
3.9549185698570284
2.508795326414204
2.0033156030024135
3.3396581813798707
5.430330634519122
2.4789297354729074
3.28100593020554
0.7889852512686653
3.63624762905741
5.671953087883333
1.0867629050197463
7.226054564942891
3.3079419837013666
1.1483314964474307
6.514660824638884
0.8907398209706097
2.3208127855184095
2.003597502321599
2.0008949689030073
0.07031249324460465
2.3840323049137044
1.540404460453674
0.7973660187439546
2.027887959813857
3.747720366317198
0.425249907297391
4.824028289216979
4.018572747730641
3.3420537862989907
4.499850613161151
2.4897748067738816
3.225917925151017
0.7315014808773889
1.3180644234091414
4.306643744164109
2.875871485954844
0.5854747375923952
2.579191195624799
5.974111803891764
0.49638829896710845
1.49738959053071
4.555620789164579
0.24066349941046944
3.2877644824098833
1.716958934651958
3.1867343065060134
1.0127170294955046
2.391607093870553
2.4145812679487095
6.288263125682764
4.0071093849922015
3.0733921901100807
5.307243522494037
7.410972710023437
3.7164994024646063
1.222747459579162
4.473865496339644
6.745806377746845
2.0192508439089765
0.8187787053897888
4.635153026702591
4.426826118607128
1.9891164342531917
3.140374234372262
0.5101004809966345
3.1774605081553213
4.322113760734425
4.900242799339891
0.4613761005094248
1.814854243861083
3.5478379484404767
2.214116686623039
1.9577362740961282
6.219142142570016
3.2484315934422168
2.2869033226033357
1.2605248942791996
0.9854134491102324
2.9399662360674284
0.3772442436119676
4.550046287924583
0.8680682318808414
3.606169699076893
0.1298992958750748
0.827534630238652
5.301733111027146
3.44923770456294
3.761687716505086
0.9795709779698853
1.5293123860625681
0.40711161973360765
0.057122949922578936
3.2372985685654045
2.1380545709358696
1.4916691683634324
5.080784342763055
5.7384904495638445
0.6878081021990874
1.4082531493362513
1.7858343458574255
6.961404980076896
1.482107658729885
0.19460870373689515
2.1567281108801515
0.5748396599938519
5.465629047917885
1.5108624754345878
1.6622134254103527
1.8646829653654033
2.132182689257348
1.8291435128913351
4.055028696453801
5.310386529242577
0.41193875238344635
1.7815982604074883
2.7625489143424153
2.2367776506591985
1.2715766806919262
0.7541782611812762
1.0884691457958224
1.3195246083283232
5.593239743097893
2.112827839174098
0.8443978465361188
7.108978959377928
4.633770832730656
3.70172949999203
3.3011421413000654
4.311175884298816
3.1472359149656937
3.8777518227453047
4.228227489959273
3.6902139406570273
4.2209582598353865
3.135191683979177
1.3941942777603145
4.616848590328689
2.676995793063475
5.62232238010775
1.9332468548415125
4.624863439219563
3.938719806136172
1.2148037274230046
1.238370083255091
0.021229121651585636
4.983636269044539
3.85119909111972
3.442588624635771
3.802568591438867
0.6596721328166422
2.9314257978267473
3.5173823202515675
2.7326143340010973
3.036694479235358
0.3213710615633887
4.386772702819358
0.3704307490336878
1.1895397659287859
1.679510910510535
3.8276232069321923
3.1320337711084205
0.08215834274111744
0.3980304532943224
4.6644870363577935
0.5755458438271237
4.439313988418654
3.177846757877978
1.0807364050304555
4.491376453013883
0.8795035675356271
2.485165994269015
1.967925731156947
0.5603098998172497
0.21878896457903738
2.4981125950294523
3.8073461918070817
2.3103868114049027
2.7877624761196906
1.5463391085574363
1.6611511283170433
3.211210315850709
0.8292576580995431
7.27535204871544
3.4849311724767222
2.027988337929616
1.906240281822248
2.352358709326782
2.464611872318176
1.103969471404754
0.1687499498980416
3.1053374505619113
4.164832298921317
1.1580401295011893
4.126838812831444
1.5588723276516578
3.753624295135174
2.257671566561318
3.2310551375886747
2.3426726795703163
2.291048291752182
3.0681135323777755
0.6528423696769268
3.8325617432146086
1.2761347296096814
5.275369997996049
0.8676606551642316
2.7047319607925076
3.280867693389884
6.095939175123256
1.6210298263728882
1.6125582298226488
0.3144145333529549
2.2910496529852944
2.872917149748096
0.23410555242631675
0.8176369310784772
2.4713496652407323
2.1282228935027456
4.881219051980521
3.7499956014103306
4.176366382136447
5.101575834560058
5.744883773219942
3.272833442780268
0.1481178936100811
6.634497839496657
1.283655816427695
1.8660248566071886
1.8695922699710779
4.322914907536292
0.679672778086029
3.3206542187071832
0.8639238170517447
1.912724321790588
4.718171892310213
3.3268249663977176
6.082430756665869
3.974920641795509
0.9288109712789865
3.7432317961809725
1.9492272421064474
3.0601077103844556
0.952928609756261
0.38700364547580346
4.297976021327759
7.1104524313022015
0.693361862745548
1.5873845806295641
4.183181874727632
1.466269948612621
4.4770813801481975
2.7318323544758814
3.712741707331823
3.170367982528666
4.197573495632064
3.280719129432772
1.3234687845319622
1.6499342680172244
4.918153482922115
5.49287731682106
3.9249615346317426
0.8068423259975406
5.155512559962256
1.8221520533662638
0.9223444304550958
0.848280090015717
2.572926995869734
3.7281878794305165
4.576316388101508
1.7982757315014717
0.9947963171925223
5.638983202895698
0.28456829516078264
2.9229446207727707
5.229662597182668
3.8037519867747784
3.1988396549651563
4.2740102592156735
0.7530826556453984
2.516282377129751
2.296937699917447
3.0051020160941793
1.3804044069591523
3.0413335504444885
4.131462515034449
3.6067693001348307
3.0086264072080873
9.435208241265489
6.572546011798387
1.0630563996133398
0.3571658720142379
0.3489852345384703
5.023560692967642
2.40204199024194
7.967034057852059
0.27802999848298215
5.956033724154537
3.158214236604705
6.249720457598748
2.006053545257197
2.201501166916033
6.857701296333557
2.9335124304110334
5.227577468489839
4.762582042409194
2.7712299322819907
3.211239712620213
0.3289780385659835
1.380830553373301
5.13150652217176
4.1212570438949445
0.717593667478714
3.842650581391796
2.5314709599861414
1.3353700237981239
3.481694502451426
2.0402868969992083
0.3877779355945221
4.111253329696981
0.8253686146363074
4.112867274243523
2.0692602001244254
0.8672261910555703
3.4145284151880757
5.556504438926197
3.5827360096581815
4.712177890554064
0.8125500576332078
5.942397544729058
0.3056485073524753
2.633064728523537
1.4617920233740131
6.3469478612759715
2.4963079571296465
2.675341455293507
1.1643658517232651
3.8133843181868343
2.515871401931622
0.7877366346403436
2.3858678172022874
3.0771730934328705
2.6199005555372223
2.425770369490028
3.043720431637072
1.0679607284326775
6.264540386187758
1.3376771347569136
5.318572053033668
4.735986704498884
2.8771512068664298
0.5853320217956894
3.226031303091814
6.374953452217133
2.753473482371873
3.8295312259958356
1.3962607920471546
3.702732586145229
2.6929344631192924
2.5791805032492814
4.736583140893341
1.2207521446335916
1.0676129332514714
0.5940478367007755
0.603399556840749
1.8389539899257996
1.2275806915262633
1.807541481980435
0.12334220775970328
1.2489412586710955
4.142168719100287
0.36542248932719934
2.9346788377363526
2.7974420445080828
2.8529653353775855
2.448122574324313
0.9235479114060061
4.022476527656572
0.1374094826813252
3.619340176586798
3.678302639007979
2.994937836183133
0.3143396486575791
2.9356860743927053
5.484471602000927
5.101110595953031
4.647250903639701
6.738755677014038
2.5448084226937873
3.507138323516703
3.0001260961477163
3.259463624243826
4.7964988878966
5.060411634642234
2.532350249147009
1.8094458755915772
2.813836367436978
0.3471084875421747
1.0386086774106071
4.228396384441256
6.32653078555266
4.090667289646058
3.9823379966566264
1.6052045950407436
2.04486872217817
1.0577433393452358
5.593711797402376
5.067251107472888
4.542987222463166
4.879202315564179
2.028083799638479
0.6938652202643397
9.911305443563643
3.9555058861477264
3.057038045832546
2.965509241770963
3.929061029279715
1.4468874337310924
3.3867480686853026
3.3914270880691504
3.05174518798793
0.8904302403595
2.4114881267038504
1.0528780563116173
1.3366043143744943
0.6092808251531285
3.282432734407009
1.7204805669804648
0.6597609360864041
4.16025945623376
4.425228832154854
4.752932999019347
3.862135387965565
8.214554054544653
5.7941387967017395
3.67908615815675
2.5906975577604325
4.881789667158418
1.6607055629826235
4.577879772895759
3.7821996276503276
4.369122749839774
3.8784689968780697
1.3232224778968504
5.3775331188688025
4.524045087073049
4.077258609645158
4.285316666166186
6.24484410607174
1.3266495493969088
5.494910856602528
3.209272467396594
5.621075217881533
4.321987748086919
3.2161510520927488
4.79828320207505
3.5852186917300752
4.838591183519487
7.836727825432299
4.247990492096838
0.2977914102800462
1.853863779882601
1.8353138807237457
5.020752783321143
5.44419546229033
0.8341412855817176
3.3755929639629074
1.4079422033805329
0.805485676365866
4.488885109381204
5.3766936095371065
6.161257403481062
7.015593697633329
3.013018947732472
4.023693340805547
4.959802488292192
3.351353819672176
1.8329744152990846
7.48021920716935
4.762999867487872
3.026839433972139
2.8733081211006315
6.487731399305786
6.8027937760546795
2.283708029756612
1.318273870000853
3.5699647159775196
6.2782708640979354
4.357130450664595
3.870619648404285
3.1182925980508447
0.5906750636242153
3.8047580394680836
2.900610685956741
2.1975058361540682
4.730325830776779
2.965871520065032
3.6805623842884656
2.9931136557920723
5.13211997896866
1.9746471656819495
3.354638365475206
2.65627276227295
3.9403446492702816
0.46732324819635707
3.056428991543618
1.0737987656848005
2.6378869389823247
4.221688159597834
3.1394564125080664
3.8000109347366475
2.4498269280816105
2.9003631873224833
3.638933527663087
6.428861348292528
4.399916392389729
3.29848591584843
3.3607316078158758
3.325692998639637
0.19009660905838022
2.7507813482841104
3.2404775437208198
5.208897429912746
6.223116914778544
3.512119457115642
1.7220316492598502
2.4127370925287375
4.022963950055541
5.827453584690276
5.537989850535718
1.5077601841096995
2.4366150332222483
4.0179530544154405
1.635156617427386
2.8116463338774715
0.6394728328693827
7.468939239344973
1.4168587374560442
1.4524401760441819
3.338719377868656
1.4933525849341878
1.5066018017588652
4.0173227421000695
6.28552668916625
3.5286646677960256
8.520356599312308
4.660653436280947
2.5190520793863276
6.85761810858544
1.059880349568097
5.040149424631064
2.8705371633534043
4.222278279442882
4.469766736419891
0.41767122800415
3.7935115884696025
2.786911340885033
2.6177395155647996
4.533131374907234
5.625813292931994
3.9742751848647604
2.2618614722403336
3.6144600362443713
4.528852640512288
4.919109518964246
2.9955342282930197
4.417848677909497
1.1112625063251111
0.7398250148687953
5.013679957405388
2.5310760726763775
1.5123829495294672
2.4249677097522557
4.8861000462167885
4.1441118443486715
0.865478525092012
4.685840121578665
0.7068358209279602
4.70659023319088
5.553563236599329
2.707309925664778
0.49345972751296463
1.6964156815218088
2.967137521372828
0.9542377591465652
4.175888700058263
4.471053847033048
0.5864709545269977
3.027396582482123
3.608714304555283
1.3134320950870828
0.7229380704555626
2.844125020265822
0.5264247758415066
3.430489939672482
3.747377195193853
4.604547406665129
1.9768575211541535
6.504471556529078
2.6034189641850642
5.8672504611159635
1.3505615445865635
3.2208148164580215
3.8818028481069047
6.67451075635263
0.8819282329459315
4.147973393620575
3.8945657803604106
1.98240409422722
2.891044136752971
2.049311024185321
1.469988491302905
0.7473102865607126
3.994985859446939
4.50546038367391
5.580599596075933
0.47976957367533934
3.731672548547698
2.5605907674751585
3.579275549680248
2.9990653423836444
0.5042996471452691
3.847408023787135
6.089234760425162
5.458613748611127
2.6971470865360865
0.31711967465809243
8.217261479926876
4.455651472485793
3.0573520803125374
3.248395868865326
3.331683599224923
4.709171876070047
0.9581972197959807
0.6263107998984748
6.613917151916006
1.8892808113460016
3.223044223019276
3.4335038686202513
5.216536337598271
1.8071712436778107
1.9157794228957599
3.777357499100496
4.443720655086098
0.6182668921268504
2.2341308733054737
5.962713657267079
4.46215156084206
4.473558052755063
3.5497559651440342
1.6069712005571537
3.1884040393763566
5.532713455913898
2.2869618217872834
2.6575143222693427
1.8397757765489549
0.45290446237857296
5.18788820701953
3.2772154097136728
4.119187008002503
3.892890046949592
2.70690192409607
0.8119916471911894
9.077281782486432
3.4969224165754014
6.095755696380321
4.105126416881804
4.98695759808906
1.8699439046119213
5.562137775220097
2.7766495058664487
1.7270752532281552
6.415378732012462
1.7099178737963872
4.140668314908379
1.5342543832770883
3.6446222514440105
1.8131614244656808
0.3265904304451901
3.3670606854744882
0.9478803862508357
2.8116007342716696
4.2517757979136634
1.980590416765461
3.6946844180317235
0.6264229105056938
5.010180046371223
2.9808601689125185
5.268916467658084
2.563999278553605
4.29527623035655
1.890002481481507
0.9531090003380025
0.7176987632464238
1.5305354916236233
3.997803348536454
3.1123135328136473
2.3166979507993535
3.945922359349249
4.8994453066508425
1.9498132782231445
5.076299488870985
2.7953285411580673
2.1703387027762533
0.023431441625754612
3.109949065555334
0.3797830576888406
1.0980484271641748
3.286954388199858
3.073866652601735
2.9793720526387912
3.70603151819682
1.7186026899315756
0.9683632282825079
6.102588298805594
3.111179452798735
4.20423906630189
4.87498213445267
4.295146600775996
1.7146711048864003
3.659194179017531
0.48934578197184075
1.1837790313548073
3.210803555116725
4.510424402694148
2.8061411998674113
4.707677067026396
3.3485907789606677
1.8962388120986964
4.6167662275921
0.11024955767481123
4.592779934560195
4.201819230033125
2.5375985736448237
5.8432912886587935
4.551229418984116
0.7280679218681432
4.054899715887047
5.145720822930905
1.865222792361661
2.4167454090442106
2.2168052979323867
4.636816457627994
2.9041621170267717
1.5310778762992325
3.862396901771816
0.3654199903220068
2.001365682063703
2.1948011670317324
2.6956575504511826
1.1897219202277833
2.868936524128184
1.3854726683832412
0.707571319367896
1.45027286307801
1.4895629651862776
0.3686727171700781
1.0640438272361543
1.2527388782002062
6.690704384226647
2.8518151142350945
3.0488974919085106
6.0623710252326415
1.4995448052931821
6.897337496231033
4.7777719089503625
5.057362228995691
1.2489291546332346
3.0448507995203897
1.0911757481348507
2.754193483458019
1.4553909322415748
4.913281281298255
2.4307683708202994
1.078985075416529
4.495763214945677
0.867671253638304
0.39949686354382274
9.009005637033749
3.5219649239891995
2.214619712523946
3.6801404330294796
1.2609398684431867
5.602926645026202
0.16673841868134726
2.9701457066371355
2.7577846549477676
3.8742340048559885
2.058242189034814
2.253827235027536
4.140527082438596
1.8620334792117947
1.0389863781806794
3.0140059658747176
3.993144544961572
3.079897756907201
0.21265163562902512
3.8096492357860186
0.9279102561218981
3.608381562493384
5.011519645110055
1.5167043509411278
3.074959836300165
2.799993230090874
0.5938942174689879
0.3673999331671123
2.672153555469244
1.5953792201114667
2.2090706878465194
2.5916112375848304
1.2227538868317633
3.7652473713220775
2.8769403145603745
6.855170442909629
3.6234911680689876
3.948284928446687
6.016154020130326
6.273394061356248
1.1671593982341142
2.9232856628693935
2.755663371144609
6.331679851651053
3.2751490738609643
5.360409930930041
3.1225823640003947
2.5388743346638716
1.7571291514154166
2.1504125125885656
3.0835249044709525
5.330337087814661
1.1400588910725786
1.1901252517208503
1.5517705774874877
4.443082542116265
0.8643477015437607
1.4231761509077714
0.9408362590523458
1.3563451240892659
2.5404934843653795
3.247222334859703
0.6378323935543467
2.8731398188054533
1.9066825292328111
3.9358132495791693
0.5112428957262477
4.927525541251647
4.336305063679304
0.5178233795096165
2.8672041207126693
4.1412994692996605
4.723839586428351
3.340567616622853
1.0879611443636719
3.601497130214745
5.345609262690553
0.8095983629740339
2.3157435907603743
2.859214800981891
6.111344587922347
2.9165975172171406
4.071361201958139
3.006188774132444
2.3395756669421233
2.7160323177245136
3.889661036752035
4.238240623885046
3.832703036012128
0.9062650929934113
2.9528397332235965
3.8231050619420017
4.687184948199085
2.6831594326330652
0.6354101803240191
3.897474908138099
0.792875270336991
0.32292601678581123
4.731851876768439
1.3923403549438051
6.644777172895768
2.30608787031681
0.6237438562323696
1.6173353210261803
4.178306976238157
1.751367990125027
0.9759841971173402
3.7214854408699205
6.029030365434749
1.9810458069126964
2.1760398629167734
4.450940919804202
5.342664346836855
4.133991574921255
3.401106728700547
3.084377444467802
2.9943590026886704
4.179643833540091
0.22173616259382456
2.2425283337986377
0.1799985109116587
2.7744739599386645
1.8770650978725836
5.5819085352173605
0.9171225418600586
1.732271854435219
2.7958230185704367
3.9829553222396976
3.8021359167152227
1.2307282195836664
4.703120561296779
2.898002806670719
1.440516972731481
1.9906884717941002
4.168830571078495
4.219779268739229
6.162755917824205
4.00446075718231
1.555581958784056
0.1213401418454498
3.298134764509137
4.926692828398019
1.2541060279466367
5.153669100380311
2.421922487391736
6.027590775288763
0.417614163113591
0.5738489389160877
0.9667362466975127
7.341036675395891
5.276177528229297
3.7378958867476286
4.263246119935757
2.617162309841476
1.451288939544881
0.008632959194388334
0.48694812101443796
3.006199602041143
2.5132673603662496
6.183176480542674
5.867063667520117
0.7237105152260828
3.4352745970401166
2.98303468457818
3.508567678904676
1.133914950187676
0.6281476777462753
1.8329280450178604
5.052570517481463
4.659034982011055
2.8580555208014826
1.1712563322522387
7.039050954265468
0.6547287944355347
4.870856415890868
2.1068533085088244
4.744133180424319
4.421984059645309
0.22893212313315192
2.06714402605608
2.592835944598101
0.13267117228251396
4.527218451855749
1.85259233925889
3.271624029686792
3.9734379851748027
2.7383359743975815
3.957319601379651
4.601811395077895
5.416238939375123
4.000081539210866
2.963970316825333
3.0290187654405876
0.9782377152553251
1.906149530179709
3.6260063766109583
3.9529085719947608
2.7023707945339135
1.9830468257313913
5.179488131812894
1.5378746359599444