1.2324885351756631
3.7155034364303097
5.671121780061509
3.012621355506777
3.446115430356977
0.28695605305062133
0.6409617903077894
1.1143013930045533
0.5215402557831136
0.40987111044102176
0.9258395699367781
0.5781297675021501
0.3562216964703565
1.1170963874404596
2.0062548084692713
0.4803670967511697
2.724076831041415
0.9318674590243827
2.673755530884426
0.3281995219561579
2.6820046009102207
0.5122962236001756
0.5805210338930101
0.3333459061796784
1.1359420769321331
0.6576967999662784
4.171359671597387
0.9244622433825688
3.462756067880479
2.7256536786202417
0.1551923397643346
2.7794329220789082
0.5426594997148377
0.6623701394997794
3.4748926845809724
8.461121678627228
7.352918480647386
7.580695965459439
5.309858104856669
2.931696441956292
0.19604528339082147
2.670525543047171
4.956154699600108
2.170094498598994
0.40312496941541087
2.2041267279495798
0.8476231157483647
1.413675639387791
0.2935773801503453
2.5092473136219597
4.957782599770927
0.20809108979429156
4.214422813109583
0.1650089342974411
0.8098696717964157
0.49959377543624417
0.3480420983038817
0.3393624367561962
0.8740520105251078
0.5003678272286798
0.07291089782380639
0.8706093991791618
1.1244503429561326
0.12306897174844791
1.8358738780167336
1.1108542412640603
0.43464545747356764
11.98612148512046
2.9035932610259265
1.6451271249718784
0.25038338905663376
2.2025701783996494
3.1009610462599735
1.0624008762214008
0.40377470319562386
3.9662564084738823
0.687803454317926
1.4576621253189432
3.2629381034885703
1.283971741233502
0.6233555524538638
0.40835625501767975
1.05770645521921
0.7594076366481288
0.5586726533555525
1.2063930777319167
2.562886786929684
1.2586091902615768
2.369581686274981
0.688942041183582
1.1603258473772116
1.1559687970842634
0.9105989858578033
0.18434787425498678
1.220632334857235
1.156047143736816
0.8137693700087644
4.57588631439117
0.7500004143514497
1.2176612586295505
7.354117180736445
2.1639698287172955
3.96654448572423
4.492311975195768
1.4774167274525596
2.142237259139878
0.3958654853143076
0.28544109913706317
1.6222666983456921
0.9724825159980154
0.19102849065927863
0.72737545978589
0.378430067828879
2.7227259430287605
0.5858042086627038
0.18624472688693286
0.23140761917833907
14.75250045940318
0.576984898490392
4.1334592843865074
0.4489272995017654
0.15096488979416825
0.3711490748867151
1.048117980053232
0.3187985107919778
1.371496805312467
0.7825936401587167
3.2274877953693113
1.4985528540023114
0.8869844516304562
0.17617482947340657
5.553760448131683
2.383324176432936
1.1157331221743112
0.5770506510442833
0.8669987376504631
0.38885852965493395
1.6908024237020125
0.44402210507862955
1.048623693465489
0.35869613296754166
1.474746263622118
8.22799475124047
0.6053577533111791
2.285371746118305
2.2649746638701584
0.09077803238211722
8.487320919444684
4.079781957113727
1.2763533044091224
2.1902223837127606
0.743736751319129
0.41025469676516735
2.0243363017585434
1.3403629691753014
1.0423201960541912
0.438939832923505
0.315927787865439
5.0588233145549255
5.4148779144641646
5.4197324483109455
1.4576987345750196
1.766721845492619
0.5446576319263154
0.6322909634186495
0.31669047934327044
0.3746174608224617
2.410610813551596
0.21649435910509088
1.6090412336437758
0.6810370329000388
2.45410249308306
0.9897847510494352
0.9287285573589309
1.0135696174120135
1.4733486467733659
8.154124734463041
2.1362008989425747
0.17122319931145943
0.20532759755140553
1.266874467909362
1.9679208033596256
0.22535627956053092
2.284789599351023
1.1129648897492825
1.2940368972507075
0.574101229731427
0.4300206935051843
0.7613606161321158
0.7994438526648633
3.043321566961183
1.9793379934512725
0.36590903340554554
3.1703240862104796
1.3046175990929896
1.1346227088183465
0.9177589210171226
0.4785787100051021
0.2332182909664862
0.481212569058696
0.08549639015299906
2.9174193978665346
0.5560035555185013
0.8321594541375238
0.41361221140637916
0.6138065927423454
0.7960084456273193
0.8199943768928976
8.236815320926501
1.881975780233604
1.5829380013110288
1.1023325377083415
0.6283773113234797
1.6767602634917351
0.6906116665849207
1.3043848246964493
2.3681405895146526
1.3535495762140968
9.080069613442916
0.42830914483168026
1.1465172528187342
0.6590370658963624
0.6464183663813114
2.5326948606711865
0.9688890572410334
1.2055545456895802
1.2387872016467771
1.4439392283175436
0.27963781330068055
8.59935622093782
0.7703797132154182
0.16191386073156672
0.3814667811728987
0.44263994980546856
0.24283613553126196
0.32666243304524506
0.2922438480642825
0.6908493783231798
2.8859698873289967
0.4265832474744828
1.6814866639654273
0.9895715858940549
0.7069366396505458
3.0799163513987695
0.712809142142442
0.3877147881420492
1.4568560650804596
8.833336837259793
0.9222800138906441
0.08546912495259354
1.4622562810213198
4.618371421706609
0.8976968233706483
0.11815481981175609
0.23238967805036645
0.900150713124018
5.061831764003984
0.7366905505954229
2.103212626662633
2.0954242094102193
4.74374798967386
0.8594127018448029
2.6479153215621998
1.389493152246406
1.2616003664550326
1.6094924182343928
0.1657807546321728
0.3855539110719703
2.1332050563781033
0.5963109319891937
0.4996441243934168
16.342128198738195
0.7641958811733461
0.4765206670114902
0.7889111763819839
0.6362616554890858
1.7597190060007855
0.3434297609944356
5.641329548447708
2.445276874543784
0.7143710773145895
0.3395905977897134
5.617189331093618
0.9988473624664764
2.3323913913141823
6.10487298492948
0.5833374667337197
1.704813436748215
1.3402812114886664
0.5002511910886538
1.8810445180955482
2.5850890818190253
3.633472339428888
0.671867872852658
0.23120121305575408
0.6985196936483903
1.1272470965044024
0.634708571951406
0.1741483961766451
0.34048717258477174
0.2471057347746034
16.82302106454575
0.17458582573050274
0.5989367754743102
0.528729246802881
0.46430605607694714
4.616120502652017
0.11831328906024084
2.3386429348669324
0.5206110465364431
1.221233529173347
0.5051034870991155
0.5556736061791897
0.8938706440918569
1.0007228071107823
0.3847368244734083
6.273536434325239
0.07704687318870383
0.8211364938671368
1.0171210544322595
1.783703949859765
0.525933908858952
2.1379894577069587
2.491252941006105
1.323051259701873
0.5645082148577942
1.546056165395625
2.1427156477823606
1.05434987750016
0.6523570608080167
0.29053230142741704
1.0943243779903031
2.271809493076647
0.4700765489264769
0.7168625542797512
2.1932438140328494
0.13483888639607772
1.1186615960476498
2.0937920377980936
0.5967327937265978
0.9345458717587078
4.139671780852465
0.13414769551644148
6.368312650260906
0.4908678262381681
1.9985590144128453
1.9158607058338701
2.532804515418166
4.141433206957793
1.2138939994228135
0.3963481737357682
0.8300126139249844
17.194301465675466
0.4260335779557191
0.5053906432614661
3.1561991739725808
1.6786470715420656
1.961845490615479
0.40204444675907364
0.8542189030935503
1.4384238822124433
3.8319653914421425
1.2512681579187106
0.16052694894183975
0.4806682239018472
0.5371214330442243
0.6634567164270415
1.6579681380894977
0.40117134502147206
1.6865144710849196
2.0096200230216605
0.5365481336375872
23.829108790978154
0.6128437917838371
1.1605135504020394
2.4038391371895096
0.43524735132325193
2.0583843296759907
1.0457589894251413
2.2298292560626085
0.20993113138962022
0.6182488722365932
0.41335834656133885
1.8853731697198997
0.46100625929946565
0.5829200400029385
0.7521403000786919
3.3377472384334
1.0232586731759628
1.56787554625151
0.8562939404655725
0.5101479163238505
0.39771295759505737
1.8788123713084328
0.8795141937271777
1.5463894759552028
0.47897939401665524
0.1888755765296661
1.9941189518667817
2.582148466824472
1.8586604950414567
0.37659339330832675
0.7029392454121615
0.41215496653669703
9.788640471057176
2.840893101024227
0.31879999945954623
0.6216122932915777
0.6599167449339124
1.6106846420314547
0.4441321509084861
9.545942797781766
0.6362155091132443
1.296328315336896
1.7748029272690817
1.2517323684318062
0.8441048994618582
0.6876367459692956
0.326861556590106
0.8142518102356746
1.0551282526325507
0.6877155185365189
2.016624507163568
0.593175891658752
0.32318703255141906
1.08955000882555
0.6234762260199093
0.49179391414415335
0.6722104275062765
0.26890210799341924
2.9744374921934926
2.3412002205981852
1.903956505151628
2.6751871418609707
1.07626490648239
0.9607812337304107
3.9253138546926074
0.9032599639000469
4.976474142854405
0.5078574115537305
2.9496804067437106
1.1150431815722808
0.6563602625056875
0.9068766028817169
1.8339014367010598
2.6933656228854415
0.16543635685284275
0.4021277533996724
1.8007233441935684
0.21774659709951225
0.4570935174814137
0.19770892076795357
0.2022527561546028
1.5296810156027065
0.5877592345644467
0.6527522858018435
1.6372129853521928
0.18642901411362833
3.842561475908712
4.552597696399852
2.3788204194528464
0.5177603349232124
2.1427413307962935
3.717166711029957
1.000113573560062
1.438438411540776
2.0801303592901212
0.7273580295309061
2.3738386645454885
2.170083234809354
0.23432303942684365
0.18128090540230282
4.305791994228329
4.680477108907489
0.6296887902849829
4.176311849252475
0.9356523803680137
2.102709164184174
0.21047784687235432
0.13108914964549853
0.8279749637228419
2.416032000011574
5.552400551331107
6.57353501758632
0.5671925642878796
1.2957000368469471
0.47222747698925344
2.371331383388399
1.359911271627623
1.886842933667628
1.0171658053835246
0.35935528031708835
0.36757362885120964
2.7639068160869087
3.6709843882092312
0.43899252922719184
4.702542101628255
0.11291784487355105
0.7603194854118193
0.9598804438609161
14.472002295835942
0.41124478709270307
8.313023042252087
1.3053251913916828
1.7401199137570136
1.8584513199155313
3.3293726894590963
2.131594698404287
1.4893796450353822
0.6896920303454878
0.4694201968677501
0.9682757132175962
0.32871494447926325
0.5600984845707851
2.281595473842047
0.5512232087097539
4.191136601814062
0.48320553468295074
0.39089323684414645
0.47968592715717884
0.3555904337152438
1.7056396685278505
1.1114613520836905
0.7440013702263724
0.7339694265665864
2.6235401571387755
0.31900925761468774
0.8469904874850154
1.4537305409862142
1.1273489871270572
1.3128712694415565
0.2670720597906441
1.2626236192111804
8.804566357021384
2.194850379883509
0.9229171625367985
1.4110460473733022
0.6975921570267201
0.8560804438397889
1.5565970024291218
1.6087010498474899
1.338887823976522
3.1502314690849693
1.450651524052651
5.90042606853646
0.4082538698659205
1.095077079801417
1.600163562436737
0.5484656774256189
0.8358388654366522
0.20709596765635915
0.7083702564759927
2.773850583335719
0.2605753143761117
2.6669316665166085
0.4953598268210911
7.598809046122718
0.6918156023550162
1.232920470243471
1.8210122434383296
0.4137470808420324
2.4823186458627253
1.5786871379183185
4.271169401694404
3.361502579024554
0.653502076761041
0.6057023065409098
0.3398244998546642
1.2026561576782173
0.4670977344858698
4.4828249074627005
2.2473898396560252
0.6956880898338318
4.55227873440361
0.5428083887391958
1.9928107806634594
0.4047806504439208
5.9808644203569035
0.4743019934093528
0.502108563946871
3.8230995966658723
1.5623155535736593
0.823347387012645
1.0193160301582647
0.5035617546059843
0.3598028918939113
1.3804193074847126
0.11512099361974777
0.8810224162697856
1.248984530547863
0.31424374555436047
4.572796392630308
1.2762180534515055
1.483234971616788
0.6794220429284833
1.4150795673411733
1.415884757769515
0.5475156618402156
1.0357599673603086
1.4599012163884417
4.632040023511598
0.17088292297029448
0.11406415326208207
1.3122871342567337
1.7271870275745376
1.3839335736780107
1.4336864829233722
1.834413528645365
1.3779720590681377
0.8476860850804286
0.532417210888772
0.5051490786630193
1.8140934343268822
3.2863352163779562
0.374668220172452
2.1572853458483685
1.1014278063274923
8.851636343716912
0.4002134614954447
0.8746022354173323
0.46218654316736574
13.09306510248721
3.4382128278372526
0.5190621427377875
0.9893890521087534
2.6153935940918203
0.6559875687218661
0.49402152076162914
1.1348799701510937
0.30872491539346775
0.7784349735068704
0.9080092124798942
0.4624153336243038
1.5724493808890505
1.9586512777670564
0.9501839521149811
2.499673537575781
1.0663880724222643
2.5052505098901365
2.9910174574049377
4.356181958961737
0.34915996477473066
0.23839273187377344
0.40842548275135687
0.2075745558952487
2.768164767601531
1.0863982778868888
5.699542978090536
1.557832273036318
2.2821487842783865
0.4520568125753293
2.533165152732522
0.7185226155379325
3.223170513781242
0.4553954618584179
0.8985292974026788
1.2562654628433594
0.55078519674032
1.1582716885370081
0.16657338081852352
0.8552684678074643
0.8274978782758031
1.2017597838303409
0.32428303950790505
4.462456544755004
5.1865089357430145
0.5648535025731135
0.34654563823269713
0.3515837238192338
0.6914814314840964
1.6682454167552037
5.754024726997935
1.5257066172264622
1.1651934139643936
1.1314966929798949
1.1960347360396022
1.9852492746597608
0.8370725098319972
0.19039198962372167
3.0687623733221887
1.675482373408678
2.568884528142792
0.7194209511846419
4.970198817096155
2.171121766720616
0.7220059801204823
4.295029298533162
0.34610168552361426
8.831845541199598
10.44898684503871
0.8240384073364173
3.1522004836929987
1.2240490771898527
1.9382360988365808
1.6236411695409554
1.0751955978073038
23.52216983630781
1.2755144354617818
2.834080653580083
3.8718315062228013
0.21644333982464187
0.25150713729769447
0.8253371535732761
0.4453183705223235
1.978311188674299
1.5983530076450179
2.8735216218610935
0.6144330374552769
1.0410703128364833
0.8461847594906484
2.8698354557496413
0.716877048598935
0.40577942196641276
2.1987175000685335
0.49492140830701187
3.2645088825176796
0.3222114632491912
2.728229153143672
4.860298324968724
1.340993127625251
0.32739302936222914
1.5985335199553903
0.6275287856299772
0.8486672288994422
1.0318882669949705
2.594995374407271
1.42209265199516
0.19217471946438855
0.7450334580889251
0.07620522298923002
3.2864052237429298
3.6615952179263616
0.7466331890355542
0.9898346903929781
0.874579353814081
2.176862962953445
0.5535283298549177
1.0763919253728047
3.781766565035642
0.5910132235220036
1.3022662207057945
1.9840961630700866
1.0294019502029708
0.43974684230226585
1.0649383448480862
2.644469842257556
0.5154457347504166
0.8403813199831532
1.6544549223146496
2.0303956789266446
2.840889299773761
1.4633452142181875
0.6272610370601872
4.059259483301294
1.3542217601230033
0.4269238370875384
1.1694602703838355
1.677957101670266
1.1617350893136578
6.1666266377007775
5.451176534874003
3.7179931273719835
0.7001362161361481
10.374874030968746
0.5114928071514601
1.951196087150708
6.473538076619079
2.067576786609741
1.2458807120841677
0.861649166706678
0.10295855244444026
0.49361991363570884
0.6052090620896431
0.384966311474069
5.325660211294293
1.3612785792256858
0.47417269452039496
5.47905492745652
0.39557453984367064
0.4118638613464524
0.8337780570999676
0.3863913651018921
1.750912717165286
2.434938205783853
0.6926513951435281
4.539532339489601
1.9780552097944788
0.861725179020455
2.4151246744280033
1.2155876844147653
0.5425557405011958
1.5472043730088092
0.5972509933629147
1.6323663603034324
1.262843674699421
0.25250874670897017
0.25460572733035447
1.4728427453434398
5.429898378235331
0.8525985881987882
1.4241792876472419
2.1224589352367738
0.23225097384961602
0.17906161966511855
0.7444822932624677
0.8202581815507874
0.8347842871194849
0.20328973906753958
4.174702947878721
0.45737897508866093
1.2461650282710448
0.5204538983797313
2.0336801812281897
1.7967949299078045
0.24149443571997697
3.3157534253707963
4.7008001405600455
0.36382784034258686
1.9186821468139053
14.940277100329258
1.2677585830378966
1.042161775179352
2.619151634838087
2.737445409436915
1.1954184891959505
4.233451011438781
1.146975901659803
4.611347720905362
2.889535227936854
0.4805235756297187
1.6209928377064706
0.5778121914547483
0.162698938394216
0.4724339488554794
0.4807468691880106
0.7305057997775121
4.273980448354439
0.40240319345216585
5.896876122419869
0.7970307109365908
2.5399448352183223
0.2861905833241448
4.3701432155599695
2.3678026473739506
1.7937470474887165
0.7040130243780489
1.7349345750470502
0.2538206231398366
0.33354599980855004
3.6775723146458703
0.5134539358437378
0.7432440798730905
1.1796498072386872
0.9237455196710894
1.3657665666776269
0.9116394403264548
0.5894766455326143
0.8548366155751809
0.658107429583565
0.388201424158975
1.262700215285038
1.8708132630292569
0.8714444739015612
1.3784064381533283
0.5499345855473969
1.8333765812731653
0.5052566413509215
1.018161196566143
5.089893249152222
3.236474891396138
1.5367665968161255
1.463595326670967
0.44459510447909023
0.5519017978407483
0.3657895777498525
2.057786421043773
0.39447483487100954
1.566310365295885
1.7187903242691172
1.1631651916759496
0.7373916666585894
3.4084976873089956
1.1608555589767815
0.16938684180548555
0.9065103816451873
0.9144458992900943
3.14375224125133
2.6790450578669494
3.630857289657358
0.5565268868050296
1.2901214301140551
0.6896978076566966
4.833598884563302
0.9886603066103514
0.8673532664793671
0.6786589285402099
1.221405853289098
1.1430604698756115
2.051650338598767
2.885939316972804
3.209918477513423
0.720695911162857
1.023791497465774
1.1533714521194007
1.3077986260176915
0.24361669245497794
0.25351548164123083
11.307801354029966
1.8824502692834633
2.5725278268492757
1.1699630261860885
0.23794713985956187
0.48239622379918806
0.4778163473206892
0.5194393257952415
0.8209375070510866
1.6490826384711625
0.38284993400773415
2.6984393388982806
2.4525403762361426
1.0243218734846877
0.9229462891034922
2.4129366382300215
0.6205308778437292
0.43709018584292497
1.2568970514927562
2.270899339816412
1.0013470718356972
1.00475832182484
0.3246252759263987
0.9187028838020407
5.589198478909883
1.4678767992708666
2.8137396199465807
1.275832654832591
0.2609030742880031
4.133057972885367
0.7165762532196392
0.3076254627364848
1.5981227120015726
1.225596257025791
3.5495688058837747
0.7537473804866938
1.3904818826995926
1.6612280548733054
2.0081594174791966
23.251993910480135
2.5890906359281205
10.064730904845922
3.3088286374597358
0.24382891571664567
0.4860176193731011
1.5692990651981633
0.899448146022139
3.1128457548005173
4.193482035331266
12.316421024392733
0.7357148189145446
7.761513676196754
0.5410873339549481
0.6162888902332494
0.9148749636410864
1.9631891894930278
1.9020748802198262
0.1489612192571468
16.404408316797156
2.5673153038196923
1.645816453504868
1.1642469652868523
1.4239496584772633
2.723884596991747
1.7517366352966386
1.134004905152722
0.5795384541790563
0.05561216673903751
0.6809983653375412
0.9009862191346311
2.0553486033491994
1.7676246865752285
0.16423195981882605
3.4537452379182194
1.8605526296774513
3.1453455488299027
3.137180400389291
2.6363678494668057
1.0734814360359983
4.606087669645489
1.5223556372817113
0.46650550407263897
0.26295492455088476
1.814958667259961
1.669527733396633
1.2405551091520155
0.4420015721941958
1.9561770604603668
1.3024468552851527
0.9477220668027938
0.4456138847261623
0.43309983798168267
0.6201923647931241