1.4031892156637684
0.32460491731170477
0.5424466217343773
1.514301188403447
0.35670876721044015
2.1938873766099074
1.8730540111887812
3.3113434289218597
0.08989038360292884
0.7698434535571467
0.7531731651738061
0.5279892917722856
0.9299661933609549
0.9667022755331866
2.6852626599824343
1.180857567168631
0.7862735983204433
0.9654947270685639
0.04877712229054262
3.993384727373488
0.27756851844993435
1.3705999984143151
0.40029851516424875
0.058913574511788455
0.3321022105456208
0.11006710081878783
0.7975600174559436
1.2323806823429506
0.06216392676542802
1.529492251319002
0.8894624202723
3.398311593918673
1.8825767770639503
0.8267513596055936
0.06414674728955475
5.059837974114094
0.3893260274082343
0.016312536386515614
0.49989799025580123
0.0659682226821153
1.2579391781603708
0.019242999658285413
0.19890880320069804
0.3593239807536912
0.9174502971148528
0.07252079043371659
1.151678718270866
0.8908194132855146
0.2591090922738537
1.8885673335350768
0.7286694042509196
0.17926214173029933
0.5868166741235662
2.723886762785445
0.1050100372110435
0.6020557805142724
0.5157576178072798
2.48351694382158
0.8936988671564515
0.9219059218175611
0.22026893876260728
0.0016088489538684941
2.7529639314323497
0.1390980816126432
1.175548978728777
0.815307710859968
1.9032597098029702
0.7888732580252094
3.1553451740304794
0.49697764851998966
0.44798991843228364
0.10718778823252419
0.5627957209057752
0.8041573221617005
2.845304665095858
1.4539388484202624
2.414276154408743
0.34544557408173615
0.06526206753875376
1.6939558459207986
1.4626400669161959
0.454221253901416
0.8244062386454236
2.4533464057825665
0.6251622918205519
0.20845466536277554
2.622562909510707
3.6998504774243317
0.6807260138496835
0.24385839838794815
2.5475077400502735
0.437625350557869
0.29670428638836727
1.6922659988588908
1.6225803983912506
2.0237692044013706
0.2775888391133905
0.3492222989020241
1.2687818805753037
0.071518070819748
0.7032531062984535
0.5345559827062357
0.04657131299947689
0.8316467952667637
1.9613890951325998
0.18012996123650282
0.008375137110297621
2.7308862974516885
1.6002523765562084
1.0269095042874414
0.7423452648004429
0.4798509948530585
6.682373039313359
0.25034815718922754
1.9662677381595601
1.7459798056548217
0.7277844948638013
0.94270464900961
0.597986519615366
0.654113513098168
2.6546578205479476
0.35159916870251884
0.6343080660902266
1.9095892337667868
0.2792882752402985
0.9464424087483979
1.8502262340290672
2.0942378852690715
0.7645310771485458
3.5168314593131407
0.5570928820539254
2.4431394085284235
1.3378435345389585
0.7101061712859607
1.3070082286373934
0.10948490388600224
3.6158759695990677
0.0069829099201641435
1.1473604161075188
0.42785988234134564
1.074479133141128
0.1397299346384806
1.391433650349972
1.0138918045471643
2.2332899210616532
2.08543117306698
0.23471530445137623
1.8680222751165234
0.2970571571607111
0.9391324944623841
2.447395678719266
0.15500934731087673
0.333028926591957
1.2878962196404689
1.7551732637929909
1.2842805328787112
1.3122482269421212
0.2653122491957022
0.3002585891429494
0.7263470414631122
1.381575404608752
2.3825498033254666
0.7514417764130455
0.008062903278900722
1.1864882568798247
0.18871175802603934
0.025829609034077623
1.4224072214499524
0.6184101830314827
0.5804463187627132
0.5040940867633208
2.3196909163827066
0.3971986907286874
2.565327959805003
0.6459025664072654
1.4727029740482105
0.8295693505383054
2.1010655751286804
0.4359919778738845
0.9759981747577489
1.210464657189531
0.2418691995334213
3.6282584250659067
0.5223615751575647
0.9025399118522849
1.7165546340158357
0.7984035840808497
0.6478241778758747
1.3246418008803706
3.072881429158172
0.14375582630301906
4.062359054598571
2.9320210663741033
0.13650975308719135
3.60205059153167
0.8291558649402073
0.4059313588529371
2.2281944929462143
0.047865036710082284
0.28847092405845676
1.2790512262118026
1.284317266963491
0.33923870350820484
1.6543137599758433
1.0082230295035495
1.2680589662502275
0.7949656871012614
0.02157122036873619
0.6690545550723825
1.287526077537163
0.7127948181384272
2.156605244842455
2.905000069290061
0.7538795892171173
2.6405894215495103
0.16960294083692176
0.5492603675177282
0.03338876786459382
1.4758771222298137
1.235482560152514
0.18137965254076566
0.30570095600966285
0.2600461890777907
0.6118312604353636
0.34699904920330904
0.7509321380201911
0.31696362603886513
0.21802805587373977
2.549617879692386
0.04433041258825814
0.2621826983266267
1.567707472844733
0.30497761024185854
2.1534926894906166
0.48003149494776143
1.0404262757581824
0.2382535366843857
0.53060117184666
1.8423643330321557
0.05709507372811208
0.15008158638231855
0.9767425075828601
0.21168348941566442
0.4931235243915279
0.1428655132873341
0.6390710827176806
3.3930339153150384
1.2479843023064068
0.9775138450260956
1.0136338635350126
0.5576178690697532
1.5260078602319174
0.37899428435835386
0.21134467204337443
1.9382639863292463
0.17694741473474296
2.064804833671952
1.7766539169319424
1.8039427347123622
0.8770898316281525
1.2994167165308845
1.9161260949428263
0.4892110973874825
0.21022612381347813
0.13737131614436074
0.45443129754613454
1.1891379081863709
0.16267960956510283
0.3088497134864815
0.0723456846680172
0.5590517974581111
0.6243433636856983
1.8145784770748026
0.8763556237248679
0.7803433962267129
0.09273419643280244
0.7458843183925393
0.24287133227894456
1.3097698294455518
0.5402093935294506
2.1096909426572386
0.8283096934956461
2.800605284586073
2.6058586587009622
0.9935567095096828
0.3403018566723411
2.856931599207766
0.4421231886281332
2.4589157128036474
0.5300095547737482
1.483092260687656
1.8794410119993479
1.433613215127584
0.5109907396643776
0.547947249653901
0.4441409490078702
0.1655217313124809
2.041404774074617
1.0244297466135923
1.6145593084706138
0.3809313225243428
2.3502337767614776
1.2480776601183086
0.4874002511497572
0.9229254565047151
0.881591345279521
0.3882716497370049
0.9166068708177785
2.5220338702300853
0.11097324648691424
0.11632516188059636
0.23824629788133564
1.7604058165336154
0.15819628858348056
0.5311963895710324
1.6353703593903912
0.1148062460419291
0.24864395104781298
0.15059229182466805
0.5086540994101653
0.5690050815052222
1.7899770752645958
1.0133956681703364
0.9549822770865783
1.0478595318630348
0.23739333357141346
1.6175763941035932
1.9902885381024
3.292629871329508
0.8954003642675006
3.6396232767741967
0.8670709525760191
1.2664368155798844
1.5629200359236146
1.1582189331795554
0.37560808331962364
0.10826755441987469
0.7055202207487333
0.45130130059251755
2.4181257591124976
0.2891164600872752
2.606238041342971
2.528392671313281
2.6665421555212863
0.982502914942174
0.03820945296751325
4.564882712888172
2.148043666421415
0.3409878235189508
0.16304091535127688
0.02084605847341673
0.15028592187004308
0.8251917248318644
2.211525296805184
1.1219881190283119
5.856985610014923
0.8086553032057626
2.083035556214262
0.7441292335873618
1.0005391864958546
0.4848407315802564
0.5264586057241483
0.40102092674092094
0.21138343812685714
0.12108239986147894
0.001730932618588046
0.19387133475250634
0.1736852612983715
0.47764614630511126
3.8884638289825055
1.3003641543368007
3.612378398807294
0.5904689049797684
1.6847748256932917
2.0583755069489102
0.3656087658504659
1.1772966118435038
1.3191058807080045
0.2319441575946459
3.224878449584698
0.17790177604517474
0.38446175198334387
2.766319877100444
0.12626420965712465
1.6727503787174138
1.403713618422191
0.05108807375518348
3.1573346605641466
1.7072730112442183
0.09553310147129936
0.7368811072653294
1.4972011506055534
1.1829514967653658
0.9525096430980016
0.9175786684975683
0.8044291273598684
0.010344127012094818
0.1289680392195928
0.8614972525354145
3.316593284503612
1.4450889702464291
0.8025425536998788
2.3496554159270535
1.5953053965041806
0.5409411228638504
1.567757388869168
0.9910991193186609
0.18237450686602455
0.3320484582220719
0.0027533798592139433
4.4247536871533715
2.593255757000466
0.19576894519087273
2.3330972357176667
0.38559146143967515
0.9074283356545169
1.1974774471346912
1.411726038778896
0.9429582639424221
0.4152214623981606
0.44853255035342615
2.8006788630332253
0.08032454345437526
0.23147012651837753
0.21846295774697289
0.09709953818815585
0.535711295940622
0.425962459798648
2.202116098003178
3.308155900245392
0.08073808420103551
0.9217011075598258
0.6603666433146879
1.2094784571738983
0.05367321362770331
0.37881395071288837
0.22503065550968243
0.8886395675524831
2.895818569664766
0.8431957161973557
0.0077486272390559635
0.18880822458006574
0.9959256021197719
1.9528818172163152
0.3576245135311604
1.2973933333176155
2.0049671017265775
0.28373771986997437
0.18834312807627507
0.4750428515448541
0.42775856117888295
0.040233180489577636
0.6658738265999884
0.49092905261616626
0.2597442422301387
1.2901735414907995
0.35173022352220634
1.6198828495047728
0.6654230942170187
0.16176042553903996
0.3197979183310448
0.22250207749862266
1.051273697971936
0.4003712731838867
1.92305075171232
0.9940235199306875
2.0517087680201356
2.575803942464089
1.7561853461933847
0.7816172664611404
0.6564728629348271
0.3522108381185419
2.0065913502397392
1.5840609192476267
0.5902180901588796
0.8129435654426849
0.3608696787601382
1.084385652748748
1.3735964315179436
3.31528615402279
0.057192936030342305
0.9987224462642285
0.3029726820490487
1.7853718326209178
1.0849264048539988
0.02041844782601739
0.5009757819109624
0.610376837333399
0.2659524248231238
0.4822566825112128
2.8093977698122083
0.16807054583294215
0.9761121255737076
1.721019532505309
0.7546735125004479
1.039925028554392
0.13650062616187345
0.14451280966592764
0.22041466201309465
6.9781292105087225
1.5610477004666383
6.303996099413607
1.834758467343595
5.095177469501689
20.138267874887642
23.709798225104155
0.29963020841806465
0.9235036245882333
1.3569304157045354
22.04401457645987
15.235581095556029
14.435228329081804
22.75456952911056
0.9361868135070316
6.005743678348331
8.618649729777493
28.21046064079114
3.96863326676859
0.2031311459426669
0.7400797010245326
1.0878989052916452
10.81886812695061
2.6842137441692624
3.7644964788377613
10.863414475427284
2.1938751999519837
5.934644610856351
32.49562081861214
3.403914882766803
0.48426042182665296
30.75010697382284
0.8588780071872407
14.464301608950057
0.1643862319844163
2.3097415359549944
5.13606453227631
17.331014768198997
16.51196912418048
8.583640730565419
0.3173411465371757
0.30383649590420153
9.75508492845108
2.2762891931261597
8.537652955769694
13.731260565327279
5.521466991613913
7.525659121201209
21.49025181818154
7.296520212108713
19.570845918304
13.608128509080922
0.6663147517151815
6.342986939089775
4.656181619518304
14.440655511961989
4.693977422729363
54.172108807201155
0.8286233978670334
9.986386412951763
11.276089929509215
11.74548674196323
1.8783952229253429
0.6386421021674156
3.997653830157373
5.613162615304679
1.91241697588994
4.837242409339955
9.647587538881574
34.887490413657616
11.371050319813818
7.367390742959895
15.236277844523725
8.289135324440034
4.12846451381001
13.573958890729218
0.03245534027386497
1.0946357189228095
2.714003705168362
1.9912879198213496
4.30303632521812
4.768474640505186
4.105079881178693
5.829753153377256
0.8539284632192269
20.34082606741866
17.657554173650766
17.914498391111962
2.278987653196746
5.375947196058795
39.71982362029354
0.8449048648832491
2.779787361251953
1.828765371388027
27.997627666045396
4.107593428087327
9.60229254784239
3.546982962135711
24.979321925084925
23.100704433785822
14.333753101809355
4.291969613433742
3.9189284307086467
13.016693727400812
8.011352358027114
13.061685482435902
6.830314500812962
10.991550591195242
8.511488806467053
0.3538353564483198
30.13846433693271
1.8945138976745333
13.399044283828195
3.2961933672155714
24.783372040759897
15.418857036730994
17.353294229234073
23.225280118618958
1.1640896808995773
23.16853394235334
15.444714042772027
19.577651918526755
4.68440452833688
27.197301236603714
2.9425606673209437
4.082226243345497
2.7674641570665406
1.613929339232415
13.643094475764977
0.014924416336143637
0.8132607912876519
11.108791307365255
4.954336853759926
3.9509136471267654
0.425022087528498
5.138863771030686
16.755603940309587
3.178523277823443
6.407809769198696
2.2394770655010907
5.214990848643338
15.071889268923496
20.214975922331295
32.094750078078086
6.590893073928116
65.82344870008502
9.691908238272395
2.6511975818335696
24.709551568282016
6.715422403314319
5.235817907528425
6.151138375121604
7.529996585836253
0.5938384045292519
7.334411513557302
19.888138920598628
16.615466003408937
1.5740851722678633
29.97772243071289
9.686917240034694
0.2974214482030233
0.7412778019225246
26.409491827595552
8.284383920843682
8.226582087420095
16.824785570679218
0.22815644572073998
0.2037583151961683
0.33751271805520566
3.5836693290638246
0.48714146896569166
9.968573801962581
4.827368353945127
13.550593444962987
27.925192203996467
13.862088230848125
11.455159668236504
23.972001497735306
0.7144581609458656
2.070962040193552
1.5060348574377105
3.9659838811808967
10.718756009087624
2.496201282629367
0.8717971964024831
11.715188441980754
13.789811984742245
0.34489051848110924
12.047460793008467
0.5498164224185729
4.893758638335539
15.495821693043002
5.3007196239155565
2.622315569505958
8.068955448155029
4.6950453037398425
2.191403682463873
0.9686807405507685
8.531561621002073
9.385043277840557
2.3244814665238747
23.339974246013163
7.722031262523309
6.2748378244689595
10.909882080076155
1.7803366630144526
1.0425998725323176
7.056302833107054
0.34064817375897266
8.625528281296477
5.118668593771912
5.88505716642737
19.067574775639578
7.985111130736166
3.2401733645931117
5.126506854456919
4.754590469107383
15.048115068925325
6.030236193789864
5.912970321422417
2.3975872644126697
4.819890876209207
2.902627798260928
13.426947546791405
9.90609411926073
1.356234897518735
2.17855739516477
1.3811647048409867
9.609660691207207
10.690361404605179
5.933281298437443
0.11191415462818481
16.329850935199946
1.7009464548669657
4.707644114616729
2.9864110550025877
14.107773486386264
8.650110256798074
3.406969039651688
12.827456049704741
6.616814186777798
11.102488491752034
0.8814643164926174
4.950507617100418
11.519375707249393
3.481260057122387
12.403727530071954
11.820957508671116
16.728728267811412
0.8159213610636051
24.322948157140484
2.258036014629811
6.662976137842614
12.83399090304847
0.2257183022165794
5.886980243081281
3.7443042056956677
0.4756693408066853
1.5321701467430326
10.616561241434237
1.190313708967368
20.45993384604978
11.676332230843418
6.736980924707866
5.060032292799664
5.525967074149596
3.747258904038843
10.507422699282277
0.5072185705047443
0.013199093226505728
5.938609457760053
10.474703553343952
8.246931542672874
8.287858129515536
18.783009573872747
0.7548042327644519
12.783662799777096
6.091120007008899
8.024496051648082
11.122055553807911
4.039109654844671
3.799730492857651
6.744315994244742
0.24428538679649708
0.799396850149055
8.106917099364734
6.1753984140660165
10.34817018584913
9.352308619372245
3.640405026893246
5.81576300364658
2.1322255864670723
5.4957376076079445
10.030688033335561
4.1605174146805
2.0303705595432717
1.957460157893134
0.4518077340376734
4.071202594088188
13.89981595139254
8.12505318082828
2.1726075521160464
1.4304465045068628
4.3801678590221345
7.973726528713185
2.290569664301388
12.783080387999961
2.2847389981001838
13.361478927245454
5.921214596363135
3.5637526113970126
22.34735536117089
13.742684764042737
6.131780185695821
2.7261132375085855
4.990354241502835
10.705259929406495
3.9864000996477866
1.755643122474712
10.380890660166965
1.3285485688105976
1.6898431777789296
0.9351942572498909
2.9550944138753863
11.805356196790596
5.436760031517051
1.627655148466566
0.7356290394681984
1.6580565818963775
0.7873921552377171
4.592600199863935
13.333337538235275
3.8132270491425495
9.450936505704922
44.632076764191495
13.23968576933632
8.553836330261635
10.600113925657219
10.769559848182768
1.4469855026502527
5.9753507764876925
0.018220997361732442
1.3880289631676788
3.4310719142591615
5.70215787171318
11.467941538042789
0.3505851075341583
11.346474937069676
12.00821315410766
5.458911206754533
0.4548462184424193
12.831714367742087
6.512048148169354
5.3690439058667
18.942500547732674
10.872518975534454
10.472224501091663
4.1093802905174766
25.11205321538945
4.954725555873697
0.983512520285171
1.3095302899300014
3.1737433740016154
1.5326480846767667
2.2762895541409196
10.771514228010904
5.840543298261184
5.986790505953816
3.907820432135829
19.063124911105795
7.082159344624012
10.938534052081259
43.40196564444491
5.466103358556367
30.8195371156094
2.186648632355844
8.206686135832584
18.964397902603515
13.632425532355038
7.015601576855626
2.940547356907929
10.911882843494771
1.6953959429501024
8.611037716642743
2.348440811745771
0.8212377913799326
16.102118070169965
2.880196279757922
0.4582187354449165
1.2380368219077764
8.825541768801742
9.478950333471584
0.29174062918946336
7.023434149579676
16.84241591084093
0.10610967849296069
28.48366829933095
0.03234723251050727
5.4608489072996855
5.948368087793039
13.683427721923858
31.891317590018712
1.2171292055867133
1.5438676500882837
0.7381189832240953
1.8503992307063473
37.35934854246395
11.035215236846991
4.783928513522132
5.964524009475026
0.245408577866566
1.4415546464017597
12.545478779537644
3.585236524957448
0.29368733940939395
11.615834840559067
1.3418509459962769
30.452606354050477
8.813215218937703
9.92858880307353
4.845345313730869
0.699101521721662
3.6331125031438076
7.390134674363614
7.41858765074926
37.96731897959472
9.36916508997251
19.579557846838764
9.840574957172448
25.44769862381221
14.00109151596966
4.058672942116624
23.79780997631566
12.06460411597917
2.0115687937283293
8.034561249682541
0.422171656066923
15.572300921300943
19.77601292703347
31.497697588289594
3.7984719868064434
4.121857265552927
17.34006567832821
10.977340003131989
3.633477398524726
7.988158018460363
2.7916051477390047
4.6433586172184995
5.090328891147251
10.434332347155866
3.8839466178601576
13.23317282760512
6.667225857019737
17.559301947064885
14.330836224929158
7.431292785400079
1.0373740120961972
14.760845472811607
1.4146843604484418
5.458614626123548
0.8203430777847949
0.1492874745807815
10.170612096508599
9.416705034536449
2.609277453965925
20.625423631240086
4.330153565523236
1.9698299246955646
5.252729419186909
3.1566067543784917
7.851624377203096
2.5210409551998567
42.82195664279786
1.0339341857224513
11.136236355915328
2.9935641255370458
21.720120795163226
6.95384034857852
2.088494106183665
9.098673102040735
0.3975510024029987
12.336309910525866
1.2300084032590322
0.7974586503239738
3.1438749806015522
4.1488051938666075
5.9853583260394325
4.414393827021044
6.063033965775593
8.7129680546095
4.514220618386161
5.375556057990055
20.460691701415954
22.420794783266842
9.812681194360362
16.926371502052554
2.052990261246392
0.35894405575409377
2.1391815804083745
4.038782676952719
13.808293697227752