6.254651746735377
1.6067374019536482
4.911135884264226
2.9205617265495434
1.4791061075123182
6.522094097639525
7.580046956081476
0.7622575030729186
2.3429904272104807
3.1438688283169105
1.624772198687285
4.530111874255505
11.55301744150057
0.3167427060421194
1.4830786476587776
8.883134708589596
2.6106833262173024
1.0443504763851443
3.101948309380602
6.205957995416879
4.479499372219954
2.672464478980326
12.805397713095472
1.8835652039162136
0.776496674023982
4.20568706562853
1.4313814357829933
0.06449205564574173
3.562291647092721
0.6524682014545702
14.64358887377912
13.4997701585947
1.35286129135781
9.50019185649733
0.019389915726368688
10.14732823371045
2.387555822633992
6.085153928884265
4.306211485037269
5.1792758815543944
7.368935444727213
4.739442611766293
5.74962671202837
13.915140867233134
0.7882996857044302
18.92633123820382
9.749997027635947
8.095320239736862
6.254006381436074
19.233202914703334
4.716706783453806
1.471536254529585
9.719340152808055
16.889026317063312
12.60383457375855
1.658005009448186
6.161193324861902
1.3316331319815633
1.234804527356656
1.1169713481698273
4.551799819551791
12.041457153435914
3.66097799658104
0.5353643282284354
0.5909310049998707
5.730262144054182
6.543563093022461
1.8169727975963617
2.371825994932882
9.131071037716662
2.798252438440094
5.898207132084826
10.775773557871206
0.055266060496289585
5.07788836889537
3.0874030055212867
2.787106772393969
20.14660768317496
12.37886661505982
3.2358860491729065
5.470041188155185
1.8889271617052172
13.305035061943716
15.49786411027372
1.4920132419329861
1.454258434404785
1.2104264936774503
2.2427558751857997
5.11323420378972
5.25449887977908
3.9834375985887323
10.623919316652897
7.177438458092343
1.0762422442502537
5.834013934685149
4.224730856859542
2.1895317259633886
1.578149442509686
2.7562317564368777
9.914472342890802
0.523446640438209
8.793825583103274
8.005566204521992
6.5381079474108645
9.61470611329412
5.298963652249106
0.4791279499501587
0.49042313780373303
1.7748596797245955
11.78761673761425
16.75006184763095
1.4157296730110152
4.187804960336985
5.483379620222481
7.4140587206819895
3.898460733382959
5.809613693542515
6.4382059428368175
0.2423389233847743
6.050883332784399
0.11924471498065375
0.8761015522299731
5.23167153000167
0.3265077342339833
5.534631449951379
6.6054562639710905
9.63992187649666
6.825678435370653
6.716863383621879
13.663417056078009
28.85391660844125
0.1307855733469772
4.116033438779031
3.416726476776682
2.5671974769211507
3.6095972702121437
3.8699535688237936
5.818224797319864
3.70099146045097
1.3791755224393885
2.5674063075935387
4.0137943413990556
6.763243822443225
5.753311382137633
3.935119622671246
12.53215633779453
1.9661405026885495
0.3254556020220533
4.665476057213265
3.297246832775351
1.158117382101179
3.7280908485621427
0.5657142371662155
3.939415750261988
1.4407172135331212
1.7332259492966584
3.0700894849820304
8.645329915507126
6.185754940815007
3.071053764707074
0.5896645393812626
6.440604623030557
9.092352505064845
6.37515534154786
15.748621485799458
11.095781745448035
5.300666472431454
2.7536417285057646
0.18009100482230167
8.630844288963202
3.406389825479569
2.0788793442833065
4.45599893939113
0.3981729108536442
9.32394349387257
4.9325195991238635
6.292829017961924
0.876147918147157
4.467609065685668
14.135842492849285
28.913525172900712
0.38716444802333494
10.73296777652508
11.982136401001178
4.535330969317448
1.4007410790274495
7.9806275223915835
3.6097308283008553
1.3385488999801767
2.319549373862666
9.167121776337929
1.9007221712040696
3.720109128431264
11.437648458951362
3.539147258865318
7.8068783367027414
0.7126998339622854
6.6698028150632
5.985300801370663
2.4708237824915753
0.8072662501035076
1.9646961088174695
0.37777527738817235
1.119554816321944
10.4504256185986
3.0376703545389927
17.98685007360228
3.4301995420711973
0.4622406583512282
3.3429534555279345
0.5204149213288931
0.20607268363269632
23.545592678837043
16.608829164449798
1.1546280868274617
0.5116949369557888
1.9384654740701714
0.42549621559152345
0.8084412537016346
0.7977038764248502
2.8901756434829036
2.4058479159348374
5.438096044054992
2.8791286291473224
1.0512753782514141
14.546489677634003
1.670244692359749
8.839172976714808
1.1264543486760557
4.9267014896854455
2.7676706782365077
2.4099401905013123
9.313302867526644
2.897117085472617
5.40977372408228
3.4821382879391978
5.191766320798985
2.106435398062445
8.76840156800842
0.696644738668422
3.347552950233188
3.70534688801873
0.5882851085276356
3.7786010877588794
0.9332356598630858
1.2763976895225282
0.6876261049941275
2.0912170903652845
3.1627198995948804
9.780497506662131
4.095199152816268
8.247985929543182
3.7251785249896563
15.649737890702472
2.7994019653624247
0.9090908963675219
1.2070556635330636
0.5147932547060255
9.567325368130554
10.468090274493454
0.07969214330301734
0.1902556673221551
2.426740966818142
0.4727962061307712
0.7189353779377075
3.0779363146373018
2.081000646162983
1.6317920653791256
4.933553894411557
7.9442896717943166
2.778410345628579
22.29354840627815
2.223829208845837
4.6521048807121685
6.7124651283517265
7.205717025965434
5.622703659504605
1.4485673666677392
11.870484252623433
7.904551763417075
2.4463876942686102
12.200352527081634
0.3756830928137455
5.789758503804919
3.2341382395483342
9.729649638768395
3.7170617249595734
8.152194607744867
1.3200522537675485
1.0148743716053088
4.628132003129331
9.309503069848814
4.423432356788234
0.20042012603387976
5.480211731581916
4.8079073711353795
0.8543425231863568
8.872523857754425
1.992880094189058
4.143481698535912
3.1275601561860773
5.718033641784643
3.134752903225235
0.4476341413578569
8.3455241066164
2.9609199746775374
7.595940125091142
1.4885126893705412
0.7452941457155949
12.165933343653368
2.8366746283657958
1.4638271290175577
4.9654213063377775
2.2274735898783167
21.51196603602024
2.4600081791459534
3.4850673860067443
0.6947109293967825
4.987414199111501
6.148739337868138
3.562751060048585
8.61332249489109
0.7208898281154166
7.238042581902969
0.7597509329278553
1.0927149707876347
2.9326108036621252
1.299684021098007
3.9755557215249975
11.5404830494182
0.8309215304118966
7.1145136758844085
3.200121797714963
7.452554465283569
5.012216213538422
2.106647659177802
2.9543586952177074
8.464933818674712
13.805704918481961
0.6867812079777963
1.4669115906180559
3.942069178288346
4.561590961540148
1.1995786216180833
0.4125515326443407
0.9907953977058925
4.526009939715894
4.755071819847765
0.4992263852431884
4.366042134030775
5.948188626933291
14.1892376043266
1.933139397497047
6.603873859522046
17.895435491942177
2.2964091359113263
2.6448552142925594
7.059957702473207
10.208866188426475
4.4508057376428205
0.5669573276285734
10.31624753330436
0.2007202366367285
3.4465588374914082
2.029439541230451
4.906319959162359
19.012480224179978
4.1256156125226155
9.483022343569617
6.068301618893825
0.04096208849448373
6.439831957292929
2.6740667075472486
7.537942864109667
18.26401036856765
1.793885064126296
0.39602049697251346
0.1862465539092894
2.4519691764020695
0.7603231265853168
3.1210219252504325
6.9389799792848015
4.054347455905955
12.918322547843253
1.7835644507746886
5.004787193599799
1.4279173562584928
0.8939422894345838
9.679984259620605
0.7617448053668024
1.2654978550339482
6.503146784596315
0.25603564478756624
7.830309155983828
1.5626155780491866
4.599136679141827
2.5007216607722453
7.3046264022615475
1.951556589956676
1.5022102033201332
3.321211793246497
2.3438836994315104
0.44798582519341884
0.636610948666678
1.4947871329848106
0.9858630283648977
5.018397614142895
2.735394882755733
2.31795615522528
0.7421695840522775
15.251849861901078
5.313031571182545
1.6970133611248395
15.932597473290524
9.360445972285026
5.672092186430421
4.189647151205274
1.3072866827194176
16.603847889266564
3.291143409988751
8.869057944258177
6.80753596279514
5.687176140820815
9.116893020964692
0.4268785949672598
9.577458140358532
0.830391398709896
0.2096638199197112
0.7076508163049645
10.488021164609055
5.448766772608938
0.28196952717081875
1.4068531431058375
5.657372904403192
3.9494616852778037
17.09440378844205
4.385295445976098
7.671873299612639
1.65028459880015
0.36592022651330725
2.1983090672164964
9.073216929722257
11.61284539151756
1.238041455228386
1.725155611308348
0.6562750980865577
0.6716230199542208
8.020069315185921
17.456841884892384
3.525938553692838
0.10415446281460966
2.4925215034417887
4.378316496742794
1.7059498318450292
3.3724344848244456
1.1874069161385257
7.829404918494949
2.5916647027804824
1.7145473683363988
0.2411118535640262
0.7572773881377233
4.416404542619389
1.337364207814926
1.9301508885481466
2.4848941814628596
1.2784802863752658
0.9276755812870029
0.6824182587123431
11.207692006639725
3.355197188896741
9.148207971172242
8.902258284396073
6.850578320747097
2.451560128031927
0.9730373731795955
1.2666105966562262
3.3278034329763266
1.2738148153494036
4.8491804843129085
1.8991051452432934
2.812427682181263
7.108773896883985
21.438814833608507
9.556598505964132
1.851893869078738
6.570162417181793
0.4931675314789934
2.262633312739081
1.0086437310730971
2.585218976016935
4.0340546206525465
7.65919465913241
0.34754871958695777
9.271163231528464
6.657821517022925
1.8053437933563996
12.29018033046773
1.3817575117010712
3.845213460934487
1.99802872052092
1.4138207351271346
5.764173309085535
5.5041349812402585
0.7797798724626761
1.254115458092378
2.2243260113642096
5.842778778125827
6.368117838645427
4.818385022545622
6.584518285145533
0.07244046079816152
0.5599404283831105
3.715932268816971
1.359036828208954
8.74463681957453
3.632376372981589
1.2354083716208188
8.816177499177545
0.2267075600391814
8.556137551218812
0.7133879929604264
0.6963196388571702
3.6885735215184603
3.262204237701105
1.5733011421750782
2.2816982598515576
3.8869494976841814
1.4000559849298204
3.329526157697036
1.305470813659303
1.1311273376223194
2.772141672093853
12.33977966344739
33.31704232696677
2.7423504157633234
20.20688826268419
2.8942539982395754
0.9308155687003105
3.690633975201644
25.06003007381876
1.6877576256866718
1.7672746708219187
10.767065860071474
0.773290548323041
0.865402037067513
8.832719667209211
0.6001987858638321
3.133395634817748
6.665856320962467
5.527846190383592
2.6700386417776913
6.58911207302393
3.7242630023213694
5.213762137292209
4.233036174336174
1.143603505738036
1.4828558555384035
8.264417414948689
9.229734811480943
0.5316983770214785
5.6296301634155865
0.37643499917693274
1.7406152590296977
1.6092514285418087
4.966732554553838
0.25172403116273123
2.4796478028789535
7.426252241617473
1.0164771165364708
1.540186668952162
0.8815983819726713
7.155509760552087
4.087036099482283
0.6191926911398958
0.41169284351355917
3.129035822842186
13.57715897995945
6.175412777532829
3.0901097193363514
5.711000556179817
0.1844611773660458
4.262837134999912
2.8693262011551717
3.1354538116901187
7.028433207620871
7.209103269389358
10.047878211276487
4.49223266973174
3.8762334342576676
3.33755156802492
8.376205990922518
1.1414385953060944
1.01418157988512
0.31905119109020935
1.9114590311367436
2.291616591909921
2.3122033200251737
1.2170554185477362
0.32380760859824725
3.754005536541405
6.112771652116942
4.623303233781354
1.4486403614872834
7.187989740839179
10.803484403735737
0.06905869849537097
1.1601648926115684
17.65149710187537
1.143510692080689
0.9258971602826065
14.519648310150759
4.861172193369489
24.284594686486134
0.052517506117419795
6.318458712941006
3.876761627203224
0.21054620458068884
11.042214364147041
7.173808529618443
3.1464363923993925
0.27557036660844464
5.817527529421875
5.869371567668966
0.9432721498010876
1.333400951962428
2.7433790773890667
1.9399320981855035
1.8851656487334245
0.7817317824396773
2.8398561097148614
10.383710210278249
1.448497926595753
13.81075911720901
12.441964937389018
0.44421247225738314
15.187953057647231
0.09598264438107462
5.011485363052017
0.5649643031450843
0.7647611728292709
7.9385990222792335
1.1152292251188654
8.054491508077197
0.8889884036498152
6.767227136730281
8.913582996852032
10.597425458618444
0.6517584262418332
3.9532200570271883
5.743459290780919
3.3907322242703595
9.725799702263316
2.130045404567803
1.046164090442782
2.1162884000233237
0.7801268345956504
8.537030343613651
1.5899237430240651
1.116901016196782
8.547519112683498
2.493773309581809
0.2589610251109434
0.2700965113716637
8.049203806746505
1.0035295485133284
0.897924910246148
10.055988580381074
0.14511577642737075
4.943206643783769
3.6011662807040685
4.2097325229679665
2.7410020157093085
0.9947612159856994
1.388271504305775
4.948844265050506
2.9567051416467494
1.2149446732644404
2.0782779274099745
32.73435197717213
1.6143568093130856
10.559477188868044
14.128591581227003
0.5020616332377746
1.0405268010076714
1.4302079296689083
9.651623346609938
5.7004746152200685
1.5498622468824679
4.739572291860336
0.44042214429299703
10.887261713258905
3.322208557516753
1.330207627452746
0.45125418857865407
3.2854231886933833
5.06815961571756
11.216371346937638
2.724468142536802
9.19332133137512
2.0865496196517213
1.276785334110657
3.8038420381829403
13.616961570040347
0.01026039874018148
1.7077593693446618
1.8080343126485365
5.155367147975884
2.010142305359187
1.2118170167637792
17.58274033621061
8.460424590679114
4.554594106139412
5.964487997396459
3.598417812940001
5.416736258552333
10.731396246371611
8.93860417636522
1.29325606372632
2.898169115172242
2.20755063589297
0.22933843356761327
2.9925832069145746
1.3342483168647359
12.469510881092559
0.9089889299227449
3.9341244945705043
1.063324385389301
5.095241550814275
3.818928516246779
0.306278106089813
2.266388461131573
2.2398669334223515
2.434646708324836
1.8902692685961977
3.155898319165125
0.13920878359778188
3.3390792819793313
1.6948887339362635
9.910600690240534
14.542316253233027
5.291096086310988
0.5112296239318243
9.840247285926933
2.674732321112981
12.016746898574869
5.3083948385306465
0.9602601204893323
0.32759763066936504
9.638506761111099
10.361702740674552
2.3908920265763687
2.578725054630472
7.9084607525382555
19.33994782959765
0.9465056288619742
14.731260509546797
5.4481344096166495
3.027634464015574
5.4906163358768145
0.07117648070881186
0.37506936934751733
1.2778488442240858
3.010076073784684
8.786342539134957
1.540895047041939
9.048560236728163
2.1997280088424644
1.258631877831198
3.4031845613199403
0.7815505023444884
3.2962440651991405
7.911619291863622
8.351037648687084
2.9446149452740182
1.592183964752981
7.150403420182978
8.496263856679612
8.379846464770097
0.0074180517869827794
8.423622599115394
2.5707178412444893
7.317566522664617
4.468005047595911
2.66933239153101
5.23138575403177
4.155413672402134
6.085304794473789
5.499418038232442
11.437383000893469
1.197243871063944
0.8801033234763036
2.2207030388759943
12.466632266532798
12.653980435598102
12.501680470980872
3.9130400023574916
10.026982448492568
9.918936453709952
0.1773931751555919
4.22096090244955
9.045664306057144
0.29220715921291557
13.992634563793082
6.27561139491905
4.247149566883036
10.82023374611284
10.520748052261396
7.958747783646599
5.918863192195609
1.4547066659237604
11.936264504086822
6.755908568616304
0.25155992045944936
7.508628220709298
5.631171493389827
2.05940353870495
0.7044290335382759
2.2173182100350286
1.2360752802309167
9.382735249653244
1.5064451184302623
0.425477643271434
7.150988659251829
4.889513390657877
1.0934992197843925
8.614571175598627
3.7186169201607817
6.7850224906809835
0.0732334169427459
3.191427530272324
1.3348368158165125
0.006348361152764962
5.061643048753038
14.491145180743516
3.6433939308883727
8.312828314235801
2.109522128237382
2.629247580323856
1.169048596918985
17.571426772167747
4.173644442205817
8.292721768799895
2.58808110583782
0.9454270694606062
3.828471675268492
0.1452383961995748
3.622960450712129
5.189617459307126
2.8640387451273597
1.9433001120633329
5.572551231593711
1.1544667830600084
1.6684936083958959
0.8690177284800559
3.782259814245814
2.70573239049938
4.685662338576479
1.0098261828250408
16.10568665707593
5.062784597482201
4.551512059338838
5.983033753548042
9.195716845516369
5.927195513821792
8.79271074648266
0.8177752794612494
12.76553172448242
4.72903021330916
4.232414957007645
7.059853975974945
3.492198806982713
0.802369874529843
4.731562354779156
12.871661706740598
0.3354200192005185
8.155434197139611
1.384701344092942
9.540817717379438
4.54611489596152
2.2366667531858284
4.45922348811603
10.638589097397999
0.08901949984212369
8.145577067141003
14.438073337232328
0.3063615143084496
3.154692211123143
7.346452201136639
1.037146298816619
0.23418026819924342
0.0770636236892252
0.5971266232367813
2.5798040814024583
3.4617807406382677
3.343066259203537
4.361679304513747
2.2376551886938327
4.747712340123639
9.303656929101287
2.9037535311278235
9.585163423217343
0.2752019311132396
2.313266781231169
1.2225551094915235
12.989019935423812
0.8483628956618656
8.294334356610973
11.951660106195355
8.01988662250237
6.943686590441205
15.895149484270764
1.9790439481760447
4.1546199261164185
0.8487174125483153
5.4398346831960005
2.503215272624915
1.1681024828876494
8.466847605372676
12.488218153486466
2.025233110395035
0.23351926728575487
3.437573151693356
4.041424773337826
3.5201151417207055
1.9667817301659194
9.380636515929012
11.154228991359773
0.6058174717177348
7.6253322778075106
2.191180541923909
5.084725427233274
19.57054081557252
15.213316671456136
0.9928197382709292
8.207389042049462
0.28624854797576377
3.0603249652731974
2.010419702705491
3.817386572155425
1.256450523046685
4.458839365599829
1.4468496890024478
0.8159135866684535
2.3365437454693367
2.0960220250257215
1.1644547028277683
4.413205082737352
2.1817649311385656
1.0675515458567255
5.0336738966091605
3.89575001028345
0.3075272221311225
7.587361803566768
7.975130199782327
0.7264090501510446
7.293829602235995
3.43035721212519
1.648304736876422
2.1559086155995018
3.3954258081223254
0.6217197390021574
2.9001837982575047
0.7149533091429447
0.24692347527724112
7.9313056030964155
1.8013673833553556
0.3613793973397427
4.299061702328006
0.9272261514890999
8.80524175041156
2.1060442874722836
0.6673426455815633
1.7717835497451238
7.230457124275863
0.6591264796564772
2.6578236075144774
5.09945699840914
26.686450834957256
0.16097801305757936
0.5987203852397496
1.5896570365457607
0.08319743691534702
3.48277850924764
0.7280812366363107
7.919670694760529
0.44752474132841447
1.8955196698640864
1.3153998091445664
17.16353014683565
7.198796875910521
0.8759630633297999
5.834201442190546
6.089864022942516
4.850559779605779
3.048962749802337
5.719242533501637
1.1578742379227434
3.2950338692924808
6.196164138411289
4.017444754404541