0.15208743
0.03557552
0.80398992
0.00727986
0.03515142
0.04814797
0.13159137
0.07886250
0.26994215
0.04972326
0.37596099
0.02521295
0.30441389
0.08410632
0.09851207
0.51095839
0.03074582
0.01811742
0.17464542
0.93744278
0.00016172
0.35126938
0.24371810
0.06892546
0.06212865
0.39607205
0.07995169
0.05087029
0.14023591
0.05137990
0.10935760
0.32651026
0.41584451
0.08207005
0.32721193
0.43450905
0.14331056
0.18735144
0.02161975
0.33661668
0.13837019
0.26109609
0.30924908
0.97875213
0.16918101
0.00160716
0.00477090
0.29502916
0.03667199
0.66260458
0.15694488
0.12511541
0.06506950
0.56802703
0.40898932
0.14208770
0.17869208
0.10876228
0.03241723
0.49472581
0.13401388
0.04698614
0.16046699
0.34320228
0.22696848
0.02196476
0.08428879
0.04224039
0.18352734
0.01845654
0.08890687
0.32883907
0.05498108
0.10942132
0.02692162
0.03160474
0.16511600
0.03482841
0.36972741
0.03049541
0.37343779
0.22081390
0.08837872
0.22014461
0.01710246
0.28856243
0.02696886
0.35084364
1.55130650
0.21947429
0.28301432
0.01891428
0.03438600
0.21784239
0.20459772
0.10659780
0.00969728
0.25854485
0.01248040
0.34928558
0.14158057
0.13698122
0.26567004
0.92499394
0.18590780
0.03684202
0.27448588
0.21490413
0.03486467
0.07381130
0.02658837
0.08967831
0.26106680
0.14906691
0.02474331
0.02542427
0.54784655
0.67044422
0.01483084
0.03219914
0.18949868
0.02649934
0.26594973
0.11871846
1.09902293
0.04435696
0.56683431
0.05029707
0.36556650
0.39496566
0.20587521
0.10599802
0.00284600
0.36683864
0.08537624
0.46849827
0.22050311
0.10030319
0.39702081
0.02178727
0.11422390
0.47822935
0.07832102
0.10953174
0.06422500
0.11035901
0.00599981
0.02743827
0.07266944
0.25442985
0.02439621
0.07044776
0.55846542
0.17991830
0.00456125
1.08523268
0.31556525
0.27620521
0.00569501
0.44160333
0.09964832
0.34187673
0.30895902
0.02809821
0.06650402
0.16040791
0.01228797
0.21285712
0.07401964
0.01696545
0.03316578
0.14383456
0.28109733
0.22185098
0.03806066
0.19990155
0.35110159
0.07626752
0.00442234
0.35762996
0.08932894
0.00738843
0.06769963
0.64388331
0.09515705
0.08258582
0.33880038
0.08369059
0.21005351
0.06318597
0.15216666
0.11590800
0.31508299
0.04113087
0.17627004
0.27923477
0.30171670
0.19766460
0.78736622
0.00008516