0.46374711893490606
0.21354031565415046
8.45622774407957
8.12966887650244
1.3658495458123725
1.8049700392550327
0.17787659980599518
2.959718572106168
1.1126012584883458
2.448634384330409
0.26374685960704275
2.3645670223888158
4.734621850217276
4.102119891908257
0.7799969570417344
3.4315617502244637
0.47602178710332765
1.7412514104084214
1.174127859269659
2.510587078363993
2.4944734830370114
1.2372631576165751
2.5715258125498974
13.237450786594191
2.48954387241602
0.12249082243336344
4.619925886279322
2.1470542751364206
0.2319972062636548
1.1419140839681448
2.1948020305395843
2.0666442781974492
0.2441761164844088
0.6345143010644259
3.9716295685559317
3.4255208749781696
0.3971854423874318
3.5139936557421025
5.396627394377909
2.3333899753008276
0.5655321034678672
0.5416140895546667
3.7655830733143563
2.877092214700046
5.298247280951739
1.0368569552100126
0.1432200037699784
4.786050274367737
5.537189334336029
1.5327516098194327
0.11150499592490035
2.623634939473455
0.12674922187640014
0.2734137491580507
1.6785884093965364
2.851948924447866
0.7035457318392427
0.4363878526899695
4.467445290311534
2.5211813214623784
0.6411048479981785
5.04473674736054
0.9241461069586799
3.031190339858425
1.4785244489765808
2.111274998919122
2.2069263921892732
0.32543880492210364
0.858817677902047
0.7485574849830287
2.4273575175114543
0.17357723840423597
9.808107565316966
1.134302348371413
0.6278616196564832
1.6939170204390734
1.665012108053879
0.5435841192758913
5.6067749677462
1.3312881327746962
5.115596009149985
0.33225630104910003
1.3858346189926558
6.889954035744167
1.068521399922191
1.3801693149439933
1.2798682730126592
0.7554641973343279
0.5104616236542991
1.4268775701546377
0.8043934414436619
0.6336224706480605
6.504046983191121
2.723576777975539
1.155707690375559
1.724178757112667
3.451402096782694
2.1968583795674945
0.41799357908028395
1.097450326428503
4.633724758109772
3.6490725677726084
0.6431988862914304
3.000966330550311
0.4566021207692809
1.890797487117242
1.8322818681379076
2.6173906721909925
1.9577731551654771
1.8102895096154001
0.6745717625177242
0.9512386443363186
0.4194376861316085
0.8772898514471262
0.3186478086262353
0.7906339055866775
3.005063468631181
1.476120716414866
0.7398577515268707
0.7363350955724894
0.9812693472084811
0.7705599845874912
2.9288969813026693
2.2605279260080877
6.22228122613087
1.7469592777253673
0.19478688186137078
1.6043018539970286
2.402142954638044
0.5958057846066411
0.11668050153417155
2.176919246955838
1.849641524080193
2.2404452604944813
0.8907114408798075
0.6119631432600724
1.5997999139301549
1.3113164110141655
0.3290457684751057
1.0001376585832016
0.5817541492546372
1.705741313874087
0.4117166520198747
1.9004707760170252
0.8232978111623305
0.6939089219502458
2.659898489956582
0.42909647646945276
1.3541222722928756
1.1055301175712193
0.37803744378749304
3.460791028660063
0.9747676783330881
0.5512385299669557
9.576726760239518
3.6338631708424574
1.1830528477066182
0.1609318226652951
2.982048385656793
0.8151386968983955
1.565103717557139
1.9823599781534105
2.0971063800650747
0.11909074413573267
2.7695875632005356
1.3682453361511104
0.26056301507073093
0.3772520097155568
2.122138805127286
2.835083284274526
3.0379365903132496
0.5015653005994627
0.694961973101908
0.8872268233189913
0.43480904920513563
0.5500269886972865
1.6275593725925739
0.6651890711680852
0.9370004164775038
1.4830537328731217
2.552106680585054
5.992376276976061
0.8514276032933303
3.1046405997222823
0.3697388319311021
1.7826498458858944
0.8628517155256423
0.4333708980492203
1.5277210349586887
0.5480110656682686
0.5034810768511349
2.149259234606489
1.7650099852072905
0.16954935472874222
2.286417762795181
0.5770789139994463
2.4821986665515308
11.105841857342568
0.7564760882557497
17.96703215358073