0.02096387
0.08135139
0.15621898
0.14936908
0.19343316
0.21012572
0.24033562
0.21701288
0.23790678
0.24839226
0.27183840
0.26034667
0.25335789
0.17154879
0.20453938
0.17450358
0.16603561
0.21646136
0.18933945
0.15888238
0.17435433
0.20140753
0.21015288
0.25438450
0.21570817
0.16639735
0.19014509
0.25208006
0.24791074
0.25421250
0.23423902
0.19686961
0.15194302
0.22613828
0.23640774
0.20428096
0.16393331
0.17387640
0.18570201
0.20198291
0.25951654
0.27746281
0.29896589
0.24438078
0.16241679
0.15688225
0.18591055
0.15969456
0.18780270
0.17982846
0.18945062
0.23376892
0.25933625
0.19754506
0.23064599
0.19229116
0.18394588
0.14545358
0.12046447
0.11769730
0.09802648
0.16969773
0.20638079
0.25432884
0.22993050
0.16566008
0.23514875
0.25211037
0.27866700
0.20485189
0.18369292
0.24557305
0.18682280
0.21986876
0.14934934
0.17806361
0.23181784
0.18733730
0.15611209
0.14534037
0.22661624
0.17842979
0.21427179
0.25189408
0.18135445
0.24445782
0.17688819
0.21279015
0.22817599
0.18802649
0.24405763
0.25401515
0.18626015
0.15292387
0.15304706
0.16286709
0.13271400
0.21599718
0.20475195
0.14016207
0.14278269
0.21242426
0.19485996
0.18496861
0.23469400
0.17165611
0.24140124
0.22201896
0.26890488
0.23893687
0.25312006
0.24787012
0.25968967
0.22095147
0.15746769
0.12309209
0.21222238
0.17462330
0.24290689
0.18265046
0.18663526
0.14600009
0.15704178
0.16759314
0.12747316
0.12947911
0.16777908
0.19568338
0.19343025
0.19548321
0.15537745
0.21611567
0.24358376
0.18253687
0.20618052
0.15658247
0.14444179
0.11950253
0.13222960
0.19266534
0.16266451
0.23882055
0.18111539
0.13303978
0.11590370
0.18264474
0.17262734
0.22127874
0.25230049
0.18525364
0.23399017
0.26440181
0.18190407
0.16357128
0.23811002
0.19185602
0.15923101
0.23491363
0.16710762
0.15416189
0.13548193
0.17993028
0.19247434
0.13430597
0.13445196
0.16771823
0.15458037
0.20017370
0.21203949
0.25307153
0.21891266
0.22840649
0.24082026
0.16479637
0.15469535
0.12169369
0.09901341
0.14593819
0.22739149
0.16221964
0.17937871
0.22311981
0.26988758
0.20278547
0.21001353
0.22847884
0.16052267
0.17492178
0.18085174
0.19307365
0.19293899
0.22901148
0.22038865
0.18296633
0.17951655
0.15653482
0.19162434
0.24688273
0.27487018
0.26789701
