1.615911615171617
0.9266807925926221
1.1669201476310562
16.676461953061743
19.677955143268278
22.788193925910235
2.9057615912733006
137.47430740087316
4.654314701961467
60.02580675075501
65.91161923705134
243.73159429827484
18.476626756469667
122.44068639148307
142.960383563814
84.3942820412945
10.926007972783323
25.262468270962415
565.045168340629
8.762534072739399
133.78651788407132
178.95501543133102
159.57385871868064
24.870911975527907
61.51164266285769
34.58411214718478
53.23143333289663
259.17046127540954
208.59659975066694
259.4225832376262
184.2615249438917
32.26974043308428
216.89742356363865
764.1696302346493
223.09629243752462
407.6404268386955
316.77345695955466
52.625746600258026
725.406525862548
278.46273175495867
730.0240559414964
191.09976822632007
52.503406837839
116.55765693814465
524.8501716906098
160.78451103467788
53.12305479620072
349.37584342202774
497.37959368458036
743.4436039450095
1159.1261719777867
106.84895616313902
81.97368763348229
539.5293207416394
2254.6797709790594
350.1463302042222
213.14401025623025
258.0408664892688
973.0562101192751
570.5499145293138
374.9332622999149
2136.8458565399515
768.5217685351861
28.037636921867644
67.15670165638309
296.94845939465927
1.7328637277932737
43.555971589175975
113.00487604803985
242.12573764466393
575.1741573588198
604.6577370334076
179.03097267572247
2956.645725206781
63.84857634641749
97.52257929896129
583.0722346084727
223.74809253591337
3159.0206277584666
364.97075867564894
119.62047412292632
565.6897810261667
2171.9460363365815
27.938100015512312
353.6003550408425
855.0657576712673
46.907695804021635
1569.9228132556898
571.8710497153195
25.087007292839168
1165.7777958754616
607.6342431241951
534.346036402699
463.01581157322124
507.77990720783714
101.18388549144771
968.8008561683753
1875.313739329533
130.12888021564183
156.2293534265549
3077.938798014603
2260.2665600889195
29.58657984333805
271.64565437779623
937.9785885030335
411.8361274418574
436.54390438370797
284.7231386353652
518.5685031830322
33.85487610461659
559.614008099634
135.93092258068688
973.3039784520446
513.01726323768
408.5913451875256
290.13517254703993
1401.504463622233
425.5484531790874
96.90685243770025
1161.562913402725
466.69983522925196
520.0763280889424
163.90136651331287
1924.9674451147014
475.01258155333653
2399.915158979816
417.68239502884273
2.6223743522301195
1981.8592281967212
130.94321280780616
752.7556244410991
259.67124462308755
1410.583911899495
926.8942605061726
1630.450943429209
1054.3450974864973
1091.2722957174346
907.390432458884
1434.822414208528
738.979784484783
191.7846209437687
1505.1994247391706
491.50247530049097
3132.054777042015
3040.1619643682384
202.0492470687625
3460.45723988404
564.9801918769813
1530.9742296304453
1143.3325879714005
214.87281981140288
878.2633128624651
277.8770360347991
969.5822208899589
448.0993151589916
1707.5321694005168
1223.1165650891617
1228.2180208432042
1010.1293940158803
507.2833606957226
837.7136322132337
1036.6847156936701
257.8063789987448
539.7948989591424
346.39952565352775
349.1947444143429
1126.0532479581498
423.1287979990976
1349.5176132655167
176.17098269608397
447.2283944384131
1124.3460951410832
175.4953073784118
491.43141630078634
1025.8929410659534
997.9504112392937
1044.1828222221466
71.74770144420744
926.8733347536149
872.3566308654763
1179.5159327233757
1088.783847735998
2593.6867400189108
4426.471789750674
2325.5270416637004
797.0615861313438
678.791220185223
2299.9050355425848
2251.8602857987657
224.1002350159496
6669.853056571353
1433.5050190193658
428.4248185695923
1361.892025839049
674.8117152898457
3142.8314826311553
1711.4612803553184
1799.6029541945543
3067.656415861909
2299.8987905406625